observation_no,osc_rpc_configuration_current.mppr_value,osc_rpc_configuration_current.mrif_value,osc_rpc_configuration_current.mdm_value,llite_stats_read_bytes.no_of_samples,llite_stats_read_bytes.sample_min,llite_stats_read_bytes.sample_max,llite_stats_read_bytes.samples_sum,llite_stats_write_bytes.no_of_samples,llite_stats_write_bytes.sample_min,llite_stats_write_bytes.sample_max,llite_stats_write_bytes.samples_sum,ost_read_rpc_bytes_data.no_of_samples,ost_read_rpc_bytes_data.sample_min,ost_read_rpc_bytes_data.sample_max,ost_read_rpc_bytes_data.samples_sum,ost_read_rpc_usec_data.no_of_samples,ost_read_rpc_usec_data.sample_min,ost_read_rpc_usec_data.sample_max,ost_read_rpc_usec_data.samples_sum,ost_write_rpc_bytes_data.no_of_samples,ost_write_rpc_bytes_data.sample_min,ost_write_rpc_bytes_data.sample_max,ost_write_rpc_bytes_data.samples_sum,ost_write_rpc_usec_data.no_of_samples,ost_write_rpc_usec_data.sample_min,ost_write_rpc_usec_data.sample_max,ost_write_rpc_usec_data.samples_sum,osc_req_waittime_data.no_of_samples,osc_req_waittime_data.sample_min,osc_req_waittime_data.sample_max,osc_req_waittime_data.samples_sum,osc_req_active_data.no_of_samples,osc_req_active_data.sample_min,osc_req_active_data.sample_max,osc_req_active_data.samples_sum,cur_dirty_bytes,cur_grant_bytes,cur_read_rif,pending_read_pages,cur_write_rif,pending_write_pages,is_dist_centered,avg_pages_per_write_rpc,write_avg_xfer_speed,write_max_xfer_speed,used_pct_dirty_cache,waittime_to_mrif_ratio,avg_waittime,write_rpc_generation_rate,avg_write_rpc_latency_per_unit_data,avg_write_rpc_waittime,avg_rpcs_in_flight,actual_record_duration
which observation it is (start from 1),max_pages_per_rpc (mppr),max_rpcs_in_flight (mrif),max_dirty_mb (mdm),total count of llite layer read IOs,minimum size of llite layer read IOs,maximum size of llite layer read IOs,total size of all llite layer read IOs,total count of llite layer write IOs,minimum size of llite layer write IOs,maximum size of llite layer write IOs,total size of all llite layer write IOs,total count of OSC layer read RPCs,minimum size of OSC layer read RPCs,maximum size of OSC layer read RPCs,total size of all OSC layer read RPCs,total count of OSC layer read RPCs,minimum time spent by OSC layer read RPCs,maximum time spent by OSC layer read RPCs,total time spent by all OSC layer read RPCs,total count of OSC layer write RPCs,minimum size of OSC layer write RPCs,maximum size of OSC layer write RPCs,total size of all OSC layer write RPCs,total count of OSC layer write RPCs,minimum time spent by OSC layer write RPCs,maximum time spent by OSC layer write RPCs,total time spent by all OSC layer write RPCs,total count of completed RPCs whose waittime got recorded,minimum waittime recorded among all completed RPCs,maximum waittime recorded among all completed RPCs,total amount of waittime recorded for all completed RPCs,total count of issued RPCs,minimum RPCs in the air observed among all issued RPCs,maximum RPCs in the air observed among all issued RPCs,total RPCs in the air observed for all issued RPCs,current amount of dirty pages (in bytes) in dirty page cache,current amount of space the client has reserved for the writeback cache with each OST,current amount of read RPCs in air,pending amount of read pages waiting to be cached,current amount of write RPCs in air,pending amount of write pages waiting to be cached,"is pages_per_rpc distribution centered: Centered(+1), Decentered(-1), Empty(0)",average pages observed among issued write RPCs,average transfer speed of write RPCs,maximum transfer speed of write RPCs,percentages of dirty page cache that is occupied,ratio of avg_waittime to max_rpcs_in_flight,average of waittime for all completed RPCs,how fast data is being utilized to generate RPCs,"the average amount of latency observed during write RPC communication for a unit (in Page, size = 4kB) of data",average of waittime for completed write RPCs,average number of observed RPCs in flight,actual snapshot record duration
0,1024,8,2000,0,0,0,0,0,0,0,0,0,0,0,0,0,0,0,0,2,4194304,4194304,8388608,2,211302,214257,425559,2,211302,214257,425559,2,9,9,18,1335361536,70221823,0,0,9,8,0,1024.0,0,0,63.675000000000004,0,212779.5,0,0,212779.5,9.0,0
1,1,1,2000,0,0,0,0,0,0,0,0,0,0,0,0,0,0,0,0,651,65536,4194304,109510656,652,664,214257,3527523,651,664,214257,3526737,644,2,9,1325,1234370560,191995903,0,0,2,2,1,41.06912442396313,31044632,31044632,58.859375,5417,5417.414746543779,112545537,64.02901244003698,5410.311349693252,2.0574534161490683,0.6406149864196777
2,32,256,2000,0,0,0,0,0,0,0,0,0,0,0,0,0,0,0,0,962,65536,131072,111738880,962,678,207751,116218993,962,678,207751,116218993,1215,2,260,218768,1112670208,348127231,0,0,7,6,0,28.35758835758836,961451,246131456,53.056250000000006,471,120809.76403326403,176252586,23.66057112830384,120809.76403326403,180.0559670781893,0.6366744041442871
3,1024,256,2000,0,0,0,0,0,0,0,0,0,0,0,0,0,0,0,0,436,131072,4194304,138018816,436,121068,527553,78934870,436,121068,527553,78934870,414,214,259,99689,963641344,511729663,0,0,0,0,0,77.28440366972477,1748515,447619840,45.95,707,181043.27981651376,215264536,9.728449977292629,181043.27981651376,240.79468599033817,0.6373820304870605
4,512,2,2000,0,0,0,0,0,0,0,0,0,0,0,0,0,0,0,0,28,4194304,4194304,117440512,28,615389,1211005,25733477,28,615389,1211005,25733477,0,0,0,0,833617920,656621567,0,0,9,0,1,1024.0,4563724,9127448,39.75,459526,919052.75,250386068,0,919052.75,0,0.6197998523712158
5,256,4,2000,0,0,0,0,0,0,0,0,0,0,0,0,0,0,0,0,27,4194304,4194304,113246208,27,1307028,1884998,43111621,27,1307028,1884998,43111621,0,0,0,0,707788800,854851583,0,0,9,0,1,1024.0,2626813,10507252,33.75,399181,1596726.7037037036,188568148,0,1596726.7037037036,0,0.6005585193634033
6,128,256,2000,0,0,0,0,0,0,0,0,0,0,0,0,0,0,0,0,32,4194304,4194304,134217728,32,1981133,2554753,72887859,32,1981133,2554753,72887859,0,0,0,0,560988160,1088995327,0,0,4,0,1,1024.0,1841427,471405312,26.75,8897,2277745.59375,184194870,0,2277745.59375,0,0.6148173809051514
7,16,4,2000,0,0,0,0,0,0,0,0,0,0,0,0,0,0,0,0,34,4194304,4194304,142606336,34,2665229,3258425,100585310,34,2665229,3258425,100585310,0,0,0,0,401604608,1263321087,0,0,6,0,1,1024.0,1417765,5671060,19.15,739597,2958391.470588235,249509681,0,2958391.470588235,0,0.6051666736602783
8,256,8,2000,0,0,0,0,0,0,0,0,0,0,0,0,0,0,0,0,30,3145728,4194304,124780544,30,3320781,3964049,107695299,30,3320781,3964049,107695299,0,0,0,0,264241152,1503264767,0,0,3,0,1,1015.4666666666667,1158644,9269152,12.6,448730,3589843.3,182294635,0,3589843.3,0,0.6148989200592041
9,1,64,2000,0,0,0,0,0,0,0,0,0,0,0,0,0,0,0,0,25,4194304,4194304,104857600,26,4043004,4675377,113586042,26,4043004,4675377,113586042,0,0,0,0,142606336,1697906687,0,0,5,0,1,1024.0,923155,59081920,6.800000000000001,68260,4368693.923076923,188775798,0,4368693.923076923,0,0.6004533767700195
10,16,256,2000,0,0,0,0,0,0,0,0,0,0,0,0,0,0,0,0,29,4194304,4194304,121634816,29,4739649,5357499,146192451,29,4739649,5357499,146192451,0,0,0,0,12582912,1863221247,0,0,3,0,1,1024.0,832018,212996608,0.6,19691,5041119.0,185582748,0,5041119.0,0,0.6102194786071777
11,1024,128,2000,0,0,0,0,0,0,0,0,0,0,0,0,0,0,0,0,0,0,0,0,0,0,0,0,1,20411,20411,20411,0,0,0,0,0,1884684287,0,0,0,0,1,0.0,0,0,0.0,159,20411.0,-20902501,0,0,0,0.6019811630249023
12,1,2,2000,0,0,0,0,0,0,0,0,0,0,0,0,0,0,0,0,0,0,0,0,0,0,0,0,0,0,0,0,0,0,0,0,0,1884684287,0,0,0,0,1,0.0,0,0,0.0,0,0,0,0,0,0,0.5988719463348389
13,1024,4,2000,0,0,0,0,0,0,0,0,0,0,0,0,0,0,0,0,0,0,0,0,0,0,0,0,0,0,0,0,0,0,0,0,0,1884684287,0,0,0,0,1,0.0,0,0,0.0,0,0,0,0,0,0,0.5959980487823486
14,512,64,2000,0,0,0,0,0,0,0,0,0,0,0,0,0,0,0,0,0,0,0,0,0,0,0,0,0,0,0,0,0,0,0,0,0,1884684287,0,0,0,0,1,0.0,0,0,0.0,0,0,0,0,0,0,0.599348783493042
15,128,16,2000,0,0,0,0,0,0,0,0,0,0,0,0,0,0,0,0,0,0,0,0,0,0,0,0,0,0,0,0,0,0,0,0,0,1884684287,0,0,0,0,1,0.0,0,0,0.0,0,0,0,0,0,0,0.6013517379760742
16,32,8,2000,0,0,0,0,0,0,0,0,0,0,0,0,0,0,0,0,0,0,0,0,0,0,0,0,0,0,0,0,0,0,0,0,0,1884684287,0,0,0,0,1,0.0,0,0,0.0,0,0,0,0,0,0,0.600750207901001
17,2,1,2000,0,0,0,0,0,0,0,0,0,0,0,0,0,0,0,0,0,0,0,0,0,0,0,0,0,0,0,0,0,0,0,0,0,1884684287,0,0,0,0,1,0.0,0,0,0.0,0,0,0,0,0,0,0.5976271629333496
18,64,256,2000,0,0,0,0,0,0,0,0,0,0,0,0,0,0,0,0,0,0,0,0,0,0,0,0,0,0,0,0,0,0,0,0,0,1884684287,0,0,0,0,1,0.0,0,0,0.0,0,0,0,0,0,0,0.6054012775421143
19,1024,128,2000,0,0,0,0,0,0,0,0,0,0,0,0,0,0,0,0,0,0,0,0,0,0,0,0,0,0,0,0,0,0,0,0,0,1884684287,0,0,0,0,1,0.0,0,0,0.0,0,0,0,0,0,0,0.5987815856933594
20,1024,128,2000,0,0,0,0,0,0,0,0,0,0,0,0,0,0,0,0,0,0,0,0,0,0,0,0,0,0,0,0,0,0,0,0,0,1884684287,0,0,0,0,1,0.0,0,0,0.0,0,0,0,0,0,0,0.6001534461975098
21,512,64,2000,0,0,0,0,0,0,0,0,0,0,0,0,0,0,0,0,0,0,0,0,0,0,0,0,0,0,0,0,0,0,0,0,0,1884684287,0,0,0,0,1,0.0,0,0,0.0,0,0,0,0,0,0,0.6003217697143555
22,64,16,2000,0,0,0,0,0,0,0,0,0,0,0,0,0,0,0,0,0,0,0,0,0,0,0,0,0,0,0,0,0,0,0,0,0,1884684287,0,0,0,0,1,0.0,0,0,0.0,0,0,0,0,0,0,0.5994656085968018
23,1024,256,2000,0,0,0,0,0,0,0,0,0,0,0,0,0,0,0,0,0,0,0,0,0,0,0,0,0,0,0,0,0,0,0,0,0,1884684287,0,0,0,0,1,0.0,0,0,0.0,0,0,0,0,0,0,0.5994338989257812
24,256,32,2000,0,0,0,0,0,0,0,0,0,0,0,0,0,0,0,0,0,0,0,0,0,0,0,0,0,0,0,0,0,0,0,0,0,1884684287,0,0,0,0,1,0.0,0,0,0.0,0,0,0,0,0,0,0.6004748344421387
25,256,256,2000,0,0,0,0,0,0,0,0,0,0,0,0,0,0,0,0,0,0,0,0,0,0,0,0,0,0,0,0,0,0,0,0,0,1884684287,0,0,0,0,1,0.0,0,0,0.0,0,0,0,0,0,0,0.6149401664733887
26,16,256,2000,0,0,0,0,0,0,0,0,0,0,0,0,0,0,0,0,0,0,0,0,0,0,0,0,0,0,0,0,0,0,0,0,0,1884684287,0,0,0,0,1,0.0,0,0,0.0,0,0,0,0,0,0,0.604827880859375
27,1,16,2000,0,0,0,0,0,0,0,0,0,0,0,0,0,0,0,0,0,0,0,0,0,0,0,0,0,0,0,0,0,0,0,0,0,1884684287,0,0,0,0,1,0.0,0,0,0.0,0,0,0,0,0,0,0.6058802604675293
28,2,256,2000,0,0,0,0,0,0,0,0,0,0,0,0,0,0,0,0,0,0,0,0,0,0,0,0,0,0,0,0,0,0,0,0,0,1884684287,0,0,0,0,1,0.0,0,0,0.0,0,0,0,0,0,0,0.5995059013366699
29,512,128,2000,0,0,0,0,0,0,0,0,0,0,0,0,0,0,0,0,0,0,0,0,0,0,0,0,0,0,0,0,0,0,0,0,0,1884684287,0,0,0,0,1,0.0,0,0,0.0,0,0,0,0,0,0,0.5968034267425537
30,512,128,2000,0,0,0,0,0,0,0,0,0,0,0,0,0,0,0,0,0,0,0,0,0,0,0,0,0,0,0,0,0,0,0,0,0,1884684287,0,0,0,0,1,0.0,0,0,0.0,0,0,0,0,0,0,0.598947286605835
31,1024,256,2000,0,0,0,0,0,0,0,0,0,0,0,0,0,0,0,0,0,0,0,0,0,0,0,0,0,0,0,0,0,0,0,0,0,1884684287,0,0,0,0,1,0.0,0,0,0.0,0,0,0,0,0,0,0.6083614826202393
32,32,32,2000,0,0,0,0,0,0,0,0,0,0,0,0,0,0,0,0,0,0,0,0,0,0,0,0,0,0,0,0,0,0,0,0,0,1884684287,0,0,0,0,1,0.0,0,0,0.0,0,0,0,0,0,0,0.6001286506652832
33,4,2,2000,0,0,0,0,0,0,0,0,0,0,0,0,0,0,0,0,0,0,0,0,0,0,0,0,0,0,0,0,0,0,0,0,0,1884684287,0,0,0,0,1,0.0,0,0,0.0,0,0,0,0,0,0,0.6252646446228027
34,128,1,2000,0,0,0,0,0,0,0,0,0,0,0,0,0,0,0,0,0,0,0,0,0,0,0,0,1,588,588,588,1,1,1,1,0,1884684287,0,0,0,0,1,0.0,0,0,0.0,588,588.0,0,0,0,1.0,0.6131894588470459
35,128,128,2000,0,0,0,0,0,0,0,0,0,0,0,0,0,0,0,0,0,0,0,0,0,0,0,0,0,0,0,0,0,0,0,0,0,1884684287,0,0,0,0,1,0.0,0,0,0.0,0,0,0,0,0,0,0.6015865802764893
36,64,1,2000,0,0,0,0,548,1048576,1048576,574619648,0,0,0,0,0,0,0,0,437,262144,262144,114556928,437,1397,20313,940318,438,607,20313,940925,441,1,3,1030,454295552,1390600191,0,0,2,2,1,64.0,121827858,121827858,21.6625,2148,2148.2305936073058,186853514,14.395100572637798,2151.757437070938,2.3356009070294785,0.6158900260925293
37,256,64,2000,0,0,0,0,724,1048576,1048576,759169024,0,0,0,0,0,0,0,0,217,262144,1048576,156762112,217,1442,331147,25707691,217,1442,331147,25707691,281,2,66,10538,1160773632,666992639,0,0,6,2,0,176.36866359447004,6097868,390263552,55.35,1851,118468.62211981567,264160521,17.911420874172688,118468.62211981567,37.50177935943061,0.6078586578369141
38,64,32,2000,0,0,0,0,650,1048576,1048576,681574400,0,0,0,0,0,0,0,0,349,262144,1048576,156762112,349,31526,291269,33415706,349,31526,291269,33415706,316,31,67,11085,1780613120,180223,0,0,4,6,1,109.6618911174785,4691270,150120640,84.90625,2992,95747.00859598853,255776816,24.889769141009804,95747.00859598853,35.07911392405063,0.6029646396636963
39,16,2,2000,0,0,0,0,125,1048576,1048576,131072000,0,0,0,0,0,0,0,0,652,262144,262144,170917888,652,1511,36656,6531763,652,1511,36656,6531763,622,3,34,5465,1751306240,28671,0,0,2,4,1,64.0,26167190,52334380,83.5087890625,5009,10018.041411042945,265703707,17.815707221147964,10018.041411042945,8.786173633440514,0.6384761333465576
40,4,1,2000,0,0,0,0,62,1048576,1048576,65011712,0,0,0,0,0,0,0,0,381,262144,1048576,151781376,381,1449,16032,1552627,381,1449,16032,1552627,379,2,4,1072,1669640192,28671,0,0,2,0,1,97.25984251968504,97757784,97757784,79.61464843750001,4075,4075.1364829396325,238141925,14.813341027416353,4075.1364829396325,2.8284960422163588,0.6385009288787842
41,1,2,2000,0,0,0,0,23,1048576,1048576,24117248,0,0,0,0,0,0,0,0,139,1048576,1048576,145752064,139,7200,20602,2036044,139,7200,20602,2036044,140,2,4,478,1540558848,12287,0,0,2,7,1,256.0,71585910,143171820,73.4595703125,7323,14647.79856115108,231856821,16.758399242948737,14647.79856115108,3.414285714285714,0.6342382431030273
42,16,2,2000,0,0,0,0,97,1048576,1048576,101711872,0,0,0,0,0,0,0,0,147,1048576,1048576,154140672,147,9433,28799,2121710,147,9433,28799,2121710,146,3,4,529,1475145728,28671,0,0,3,1,1,256.0,72649264,145298528,70.34042968749999,7216,14433.401360544218,246703025,15.560584524452503,14433.401360544218,3.6232876712328768,0.6290528774261475
43,512,64,2000,0,0,0,0,156,1048576,1048576,163577856,0,0,0,0,0,0,0,0,95,1048576,2097152,171966464,95,6995,491251,15857263,95,6995,491251,15857263,157,3,67,6654,1463812096,2637823,0,0,6,0,0,441.93684210526317,10844649,694057536,69.8,2608,166918.55789473685,285350689,8.91171464277745,166918.55789473685,42.382165605095544,0.6296875476837158
44,1024,4,2000,0,0,0,0,150,1048576,1048576,157286400,0,0,0,0,0,0,0,0,77,2097152,2097152,161480704,77,509605,938169,43809335,77,509605,938169,43809335,16,5,66,746,1469222912,28671,0,0,5,7,0,512.0,3685988,14743952,70.0580078125,142238,568952.4025974026,254512417,23.83346190505205,568952.4025974026,46.625,0.6329963207244873
45,8,32,2000,0,0,0,0,96,1048576,1048576,100663296,0,0,0,0,0,0,0,0,384,262144,4194304,163577856,384,32108,169506,18429805,384,32108,169506,18429805,412,5,34,13207,1415577600,344063,0,0,4,7,1,104.0,8875723,284023136,67.5,1499,47994.283854166664,243634422,14.396244523531129,47994.283854166664,32.05582524271845,0.635361909866333
46,1,8,2000,0,0,0,0,29,1048576,1048576,30408704,0,0,0,0,0,0,0,0,623,262144,262144,163315712,623,7730,39579,9768192,623,7730,39579,9768192,597,9,34,8204,1282740224,28671,0,0,9,7,1,64.0,16719134,133753072,61.165820312499996,1959,15679.280898876405,256533792,17.827680660023336,15679.280898876405,13.742043551088777,0.6391792297363281
47,1,32,2000,0,0,0,0,21,1048576,1048576,22020096,0,0,0,0,0,0,0,0,558,262144,262144,146276352,558,7947,45618,18719899,558,7947,45618,18719899,582,9,34,16695,1144500224,315391,0,0,3,5,1,64.0,7813949,250046368,54.574023437499996,1048,33548.20609318996,225917543,18.27367470260235,33548.20609318996,28.685567010309278,0.640514612197876
48,2,1,2000,0,0,0,0,33,1048576,1048576,34603008,0,0,0,0,0,0,0,0,523,262144,262144,137101312,523,1579,45239,6163590,523,1579,45239,6163590,493,2,34,3975,1028993024,315391,0,0,3,1,1,64.0,22243743,22243743,49.066210937499996,11785,11785.066921606118,214779004,22.838199655470973,11785.066921606118,8.062880324543611,0.6383366584777832
49,1024,16,2000,0,0,0,0,172,1048576,1048576,180355072,0,0,0,0,0,0,0,0,120,262144,4194304,161218560,120,1609,288791,7044445,120,1609,288791,7044445,136,2,18,979,1038352384,1187839,0,0,8,6,0,328.0,22885913,366174608,49.512499999999996,3668,58703.708333333336,271404408,24.862678234800736,58703.708333333336,7.198529411764706,0.6307194232940674
50,64,32,2000,0,0,0,0,376,1048576,1048576,394264576,0,0,0,0,0,0,0,0,289,262144,4194304,170131456,289,20451,299924,22097667,289,20451,299924,22097667,304,17,34,9803,1283981312,212991,0,0,3,3,1,143.72318339100346,7699068,246370176,61.224999999999994,2389,76462.51557093425,253121182,16.49819129454255,76462.51557093425,32.24671052631579,0.6366500854492188
51,256,256,2000,0,0,0,0,166,1048576,1048576,174063616,0,0,0,0,0,0,0,0,216,262144,2097152,165937152,216,31807,508449,23811651,216,31807,508449,23811651,440,33,264,58459,1311739904,28671,0,0,7,6,0,187.55555555555554,6968737,1783996672,62.5486328125,430,110239.125,267441688,4.423918515338128,110239.125,132.86136363636365,0.633965015411377
52,256,64,2000,0,0,0,0,148,1048576,1048576,155189248,0,0,0,0,0,0,0,0,58,2097152,4194304,163577856,58,597777,1210879,49615755,58,597777,1210879,49615755,14,256,258,3605,1307574272,1638399,0,0,3,4,1,688.551724137931,3296893,211001152,62.35000000000001,13366,855444.051724138,262884371,4.8247832454256905,855444.051724138,257.5,0.6339714527130127
53,64,32,2000,0,0,0,0,187,1048576,1048576,196083712,0,0,0,0,0,0,0,0,99,1048576,4194304,163577856,99,1293680,1929183,169194859,99,1293680,1929183,169194859,0,0,0,0,1354182656,28671,0,0,0,1,1,403.3939393939394,966801,30937632,64.5724609375,53407,1709038.9797979798,244967538,0,1709038.9797979798,0,0.6332142353057861
54,512,16,2000,0,0,0,0,558,1048576,1048576,585105408,0,0,0,0,0,0,0,0,108,1048576,4194304,157286400,108,54736,2045109,179765634,108,54736,2045109,179765634,34,14,19,578,1805914112,28671,0,0,8,8,0,355.55555555555554,874952,13999232,86.1126953125,104031,1664496.611111111,274416508,275.3762775735294,1664496.611111111,17.0,0.6156234741210938
55,8,4,2000,0,0,0,0,100,1048576,1048576,104857600,0,0,0,0,0,0,0,0,89,262144,4194304,180617216,89,3196,313339,8650402,89,3196,313339,8650402,76,5,18,486,1739587584,589823,0,0,5,3,1,495.46067415730334,20879632,83518528,82.95,24298,97195.52808988764,281320322,30.6771081575851,97195.52808988764,6.394736842105263,0.6366884708404541
56,256,32,2000,0,0,0,0,150,1048576,1048576,157286400,0,0,0,0,0,0,0,0,238,262144,1048576,164626432,239,3218,146846,16259745,238,3218,146846,16117329,265,5,34,5372,1732431872,28671,0,0,2,2,0,168.87394957983193,10124785,323993120,82.6087890625,2116,67719.86974789915,245423304,19.87298197545906,68032.40585774058,20.27169811320755,0.6350774765014648
57,2,32,2000,0,0,0,0,52,1048576,1048576,54525952,0,0,0,0,0,0,0,0,475,262144,1048576,168558592,475,30706,145657,23723784,475,30706,145657,23723784,476,32,35,15980,1629859840,20479,0,0,4,3,1,86.63578947368421,7105046,227361472,77.7177734375,1560,49944.80842105263,266309150,17.172091426491512,49944.80842105263,33.57142857142857,0.6330785751342773
58,256,2,2000,0,0,0,0,140,1048576,1048576,146800640,0,0,0,0,0,0,0,0,230,262144,1048576,166461440,230,9632,145545,7855900,230,9632,145545,7855900,201,3,35,3668,1596981248,335871,0,0,3,9,0,176.69565217391303,21189353,42378706,76.14999999999999,17078,34156.086956521736,263135673,10.59275622214685,34156.086956521736,18.248756218905474,0.6354639530181885
59,512,64,2000,0,0,0,0,143,1048576,1048576,149946368,0,0,0,0,0,0,0,0,91,1048576,2097152,160432128,91,9671,475387,16093346,91,9671,475387,16093346,153,3,66,6335,1598812160,28671,0,0,5,5,0,430.4175824175824,9968848,638006272,76.2373046875,2763,176849.95604395604,262344545,9.923383237963694,176849.95604395604,41.40522875816993,0.6368565559387207
60,512,32,2000,0,0,0,0,159,1048576,1048576,166723584,0,0,0,0,0,0,0,0,79,2097152,2097152,165675008,79,462047,874629,44999139,79,462047,874629,44999139,45,32,66,1982,1605369856,4530175,0,0,2,2,1,512.0,3681737,117815584,76.55,17800,569609.3544303797,253475311,25.25899201146952,569609.3544303797,44.044444444444444,0.6353847980499268
61,64,1,2000,0,0,0,0,145,1048576,1048576,152043520,0,0,0,0,0,0,0,0,148,262144,2097152,164626432,148,1608,304242,13587824,148,1608,304242,13587824,117,2,34,690,1608515584,1359871,0,0,2,1,1,271.56756756756755,12115731,12115731,76.7,91809,91809.62162162163,253867787,57.325396358349494,91809.62162162163,5.897435897435898,0.6407146453857422
62,256,256,2000,0,0,0,0,118,1048576,1048576,123731968,0,0,0,0,0,0,0,0,64,2097152,2097152,134217728,64,15912,471368,12761547,64,15912,471368,12761547,319,2,258,45934,1605545984,28671,0,0,8,9,1,512.0,10517355,2692442880,76.5583984375,778,199399.171875,234275085,2.704642115084831,199399.171875,143.99373040752351,0.635023832321167
63,16,256,2000,0,0,0,0,96,1048576,1048576,100663296,0,0,0,0,0,0,0,0,67,2097152,2097152,140509184,67,605854,1209520,61092367,67,605854,1209520,61092367,66,256,258,16985,1572982784,28671,0,0,7,1,1,512.0,2299946,588786176,75.0056640625,3561,911826.3731343284,219831962,6.920230698371917,911826.3731343284,257.3484848484849,0.6296265125274658
64,4,128,2000,0,0,0,0,55,1048576,1048576,57671680,0,0,0,0,0,0,0,0,65,2097152,2097152,136314880,65,1291952,1907820,104153854,65,1291952,1907820,104153854,11,256,258,2829,1494339584,6369279,0,0,3,1,1,512.0,1308783,167524224,71.2556640625,12518,1602366.9846153846,200925715,12.16891240194279,1602366.9846153846,257.1818181818182,0.6366844177246094
65,64,128,2000,0,0,0,0,104,1048576,1048576,109051904,0,0,0,0,0,0,0,0,72,1048576,2097152,98566144,72,2001438,2685939,159327494,72,2001438,2685939,159327494,4,129,129,516,1501712384,28671,0,0,9,1,1,334.22222222222223,618638,79185664,71.6072265625,17288,2212881.861111111,164574702,51.325500860753756,2212881.861111111,129.0,0.6355500221252441
66,4,64,2000,0,0,0,0,98,1048576,1048576,102760448,0,0,0,0,0,0,0,0,282,32768,2064384,171048960,282,28471,2538407,230563864,282,28471,2538407,230563864,227,62,132,22152,1438646272,57343,0,0,6,9,1,148.08510638297872,741872,47479808,68.60000000000001,12775,817602.354609929,268614781,56.5774886659084,817602.354609929,97.58590308370044,0.6044623851776123
67,128,4,2000,0,0,0,0,262,1048576,1048576,274726912,0,0,0,0,0,0,0,0,201,16384,1048576,139767808,201,3233,352592,28613812,201,3233,352592,28613812,142,3,67,2021,1564172288,327679,0,0,5,1,0,169.76616915422886,4884627,19538508,74.58554687499999,35589,142357.2736318408,220340264,58.91834567739436,142357.2736318408,14.232394366197184,0.633589506149292
68,64,4,2000,0,0,0,0,135,1048576,1048576,141557760,0,0,0,0,0,0,0,0,148,1048576,2097152,158310400,148,14540,38928,3386448,148,14540,38928,3386448,148,5,6,818,1554919424,28671,0,0,5,9,1,261.14864864864865,46748215,186992860,74.1443359375,5720,22881.405405405407,253653928,15.852703055760271,22881.405405405407,5.527027027027027,0.631497859954834
69,8,4,2000,0,0,0,0,81,1048576,1048576,84934656,0,0,0,0,0,0,0,0,71,2097152,2097152,148897792,71,42355,57729,3538265,71,42355,57729,3538265,70,5,6,385,1498591232,933887,0,0,5,5,1,512.0,42082148,168328592,71.45839843750001,12458,49834.718309859156,242911891,17.696988036171575,49834.718309859156,5.5,0.6341197490692139
70,32,32,2000,0,0,0,0,110,1048576,1048576,115343360,0,0,0,0,0,0,0,0,71,2097152,2097152,148897792,71,43534,327429,13287663,71,43534,327429,13287663,98,5,34,2526,1464651776,28671,0,0,3,1,1,512.0,11205717,358582944,69.8400390625,5848,187150.18309859154,227373522,14.18120139893697,187150.18309859154,25.775510204081634,0.6364130973815918
71,2,4,2000,0,0,0,0,44,1048576,1048576,46137344,0,0,0,0,0,0,0,0,472,262144,2097152,149422080,472,3472,620587,13119297,472,3472,620587,13119297,443,5,34,2807,1366761472,8191,0,0,6,0,1,77.28813559322033,11389488,45557952,65.17226562500001,6948,27795.120762711864,229436230,56.756688430474576,27795.120762711864,6.336343115124153,0.6321148872375488
72,4,128,2000,0,0,0,0,51,1048576,1048576,53477376,0,0,0,0,0,0,0,0,235,262144,2076672,137342976,235,3854,486594,28111068,235,3854,486594,28111068,358,5,132,25800,1265631232,5881855,0,0,9,5,1,142.68510638297872,4885726,625372928,60.35,934,119621.56595744682,223007490,11.633065160805728,119621.56595744682,72.06703910614524,0.6309361457824707
73,256,32,2000,0,0,0,0,159,1048576,1048576,166723584,0,0,0,0,0,0,0,0,283,65536,1048576,148307968,283,10808,720670,75941553,283,10808,720670,75941553,186,17,133,10948,1284046848,1056767,0,0,4,4,0,127.9434628975265,1952922,62493504,61.228125,8385,268344.7102473498,227946626,35.633057861322015,268344.7102473498,58.86021505376344,0.6367466449737549
74,64,32,2000,0,0,0,0,181,1048576,1048576,189792256,0,0,0,0,0,0,0,0,391,262144,1048576,145620992,391,37420,162988,24085693,391,37420,162988,24085693,392,33,34,13102,1370120192,139263,0,0,3,0,1,90.92583120204604,6045954,193470528,65.33242187500001,1925,61600.2378516624,227749601,20.26952545086595,61600.2378516624,33.423469387755105,0.6350924968719482
75,32,64,2000,0,0,0,0,227,1048576,1048576,238026752,0,0,0,0,0,0,0,0,887,131072,1019904,156471296,887,24394,113540,35894000,887,24394,113540,35894000,919,33,68,56257,1461628928,28671,0,0,6,8,1,43.06764374295378,4359260,278992640,69.6958984375,632,40466.74182638106,244657964,15.349211457948648,40466.74182638106,61.21545157780196,0.6393105983734131
76,64,1,2000,0,0,0,0,122,1048576,1048576,127926272,0,0,0,0,0,0,0,0,273,524288,524288,143130624,273,3158,163562,18060197,273,3158,163562,18060197,209,2,67,3488,1451716608,233471,0,0,3,9,1,128.0,7925197,7925197,69.2232421875,66154,66154.56776556777,225756582,30.968464787762656,66154.56776556777,16.688995215311003,0.6362829208374023
77,128,64,2000,0,0,0,0,131,1048576,1048576,137363456,0,0,0,0,0,0,0,0,269,524288,524288,141033472,269,3028,169772,30811875,269,3028,169772,30811875,331,2,66,17168,1451753472,294911,0,0,5,9,1,128.0,4577244,292943616,69.22500000000001,1789,114542.28624535316,223409357,17.252981904566223,114542.28624535316,51.86706948640484,0.6359717845916748
78,1,64,2000,0,0,0,0,37,1048576,1048576,38797312,0,0,0,0,0,0,0,0,1310,32768,524288,148439040,1311,6650,169572,48907498,1310,6650,169572,48900467,1306,62,72,86712,1351970816,28671,0,0,6,1,1,27.66412213740458,3035097,194246208,64.46699218750001,583,37328.60076335878,229710423,20.310463500756562,37305.49046529367,66.39509954058192,0.6377484798431396
79,1024,1,2000,0,0,0,0,145,1048576,1048576,152043520,0,0,0,0,0,0,0,0,803,32768,4194304,138608640,803,6481,103138,8808070,803,6481,103138,8808070,740,2,71,47403,1356173312,28671,0,0,2,9,0,42.141967621419674,15736550,15736550,64.6673828125,10968,10968.953922789538,217543427,4.06327573805191,10968.953922789538,64.05810810810812,0.6356155872344971
80,1024,64,2000,0,0,0,0,312,1048576,1048576,327155712,0,0,0,0,0,0,0,0,43,2097152,4194304,135774208,43,33836,488062,8112567,43,33836,488062,8112567,106,2,66,4438,1559539712,28671,0,0,5,5,0,770.8837209302326,16736281,1071121984,74.36464843750001,2947,188664.3488372093,239563336,5.845471316237071,188664.3488372093,41.867924528301884,0.6312179565429688
81,32,64,2000,0,0,0,0,121,1048576,1048576,126877696,0,0,0,0,0,0,0,0,33,4194304,4194304,138412032,34,593222,1169988,30423307,34,593222,1169988,30423307,33,65,66,2151,1568989184,3870719,0,0,5,4,1,1024.0,4549539,291170496,74.81523437499999,13981,894803.1470588235,226514177,13.406057435559212,894803.1470588235,65.18181818181819,0.6339375972747803
82,2,2,2000,0,0,0,0,48,1048576,1048576,50331648,0,0,0,0,0,0,0,0,130,262144,4194304,163840000,130,1952,1908350,72084921,130,1952,1908350,72084921,69,3,65,553,1462349824,20479,0,0,3,7,1,307.6923076923077,2272874,4545748,69.7302734375,277249,554499.3923076923,230092130,224.85802662748648,554499.3923076923,8.014492753623188,0.6373507976531982
83,2,2,2000,0,0,0,0,37,1048576,1048576,38797312,0,0,0,0,0,0,0,0,723,131072,262144,143130624,723,960,17936,2087485,723,960,17936,2087485,723,2,5,2571,1346588672,184319,0,0,2,8,1,48.33195020746888,68566061,137132122,64.2103515625,1443,2887.2544951590594,218197429,16.79913682862742,2887.2544951590594,3.5560165975103732,0.6404550075531006
84,128,16,2000,0,0,0,0,141,1048576,1048576,147849216,0,0,0,0,0,0,0,0,430,131072,524288,149553152,430,949,49020,9486038,430,949,49020,9486038,444,3,19,4949,1332871168,868351,0,0,8,1,0,84.91162790697675,15765607,252249712,63.556250000000006,1378,22060.553488372094,238722925,23.308522964031546,22060.553488372094,11.146396396396396,0.6364684104919434
85,1,32,2000,0,0,0,0,33,1048576,1048576,34603008,0,0,0,0,0,0,0,0,503,262144,524288,147980288,503,34314,52164,19936095,503,34314,52164,19936095,519,17,34,16530,1233113088,12287,0,0,3,5,1,71.82504970178927,7422731,237527392,58.7994140625,1238,39634.38369781312,230430601,17.325695545702395,39634.38369781312,31.84971098265896,0.6339457035064697
86,4,16,2000,0,0,0,0,49,1048576,1048576,51380224,0,0,0,0,0,0,0,0,288,262144,524288,139460608,288,37249,82279,13619566,288,37249,82279,13619566,272,17,34,5829,1131057152,28671,0,0,7,7,1,118.22222222222223,10239724,163835584,53.9330078125,2955,47290.15972222222,223186952,18.66579582641627,47290.15972222222,21.43014705882353,0.6360931396484375
87,16,8,2000,0,0,0,0,205,1048576,1048576,214958080,0,0,0,0,0,0,0,0,557,16384,4194304,114294784,557,1214,238858,6470655,557,1214,238858,6470655,548,8,18,5472,1227862016,28671,0,0,9,5,1,50.09694793536804,17663557,141308456,58.549023437500004,1452,11616.97486535009,176920549,23.22288927010402,11616.97486535009,9.985401459854014,0.6373023986816406
88,512,8,2000,0,0,0,0,101,1048576,1048576,105906176,0,0,0,0,0,0,0,0,28,4194304,4194304,117440512,28,208757,236598,6237360,28,208757,236598,6237360,28,9,10,266,1218449408,4095,0,0,0,3,1,1024.0,18828560,150628480,58.100195312500006,27845,222762.85714285713,182420530,22.899142387218046,222762.85714285713,9.5,0.6336662769317627
89,256,256,2000,0,0,0,0,122,1048576,1048576,127926272,0,0,0,0,0,0,0,0,33,4194304,4194304,138412032,33,205985,514048,10299151,33,205985,514048,10299151,282,9,258,40355,1216212992,28671,0,0,8,9,1,1024.0,13439169,3440427264,57.9935546875,1219,312095.48484848486,270005865,2.1298022706505333,312095.48484848486,143.10283687943263,0.6368989944458008
90,8,32,2000,0,0,0,0,66,1048576,1048576,69206016,0,0,0,0,0,0,0,0,29,4194304,4194304,121634816,29,603945,1240438,26695486,29,603945,1240438,26695486,6,257,258,1546,1171386368,28671,0,0,4,2,1,1024.0,4556381,145804192,55.8560546875,28766,920534.0,164742253,3.4888447000323413,920534.0,257.6666666666667,0.6364948749542236
91,128,128,2000,0,0,0,0,131,1048576,1048576,137363456,0,0,0,0,0,0,0,0,80,1048576,4194304,146800640,80,1324199,1940595,136629433,80,1324199,1940595,136629433,0,0,0,0,1163079680,28671,0,0,1,7,1,448.0,1074443,137528704,55.4599609375,13342,1707867.9125,207883126,0,1707867.9125,0,0.6342911720275879
92,16,128,2000,0,0,0,0,206,1048576,1048576,216006656,0,0,0,0,0,0,0,0,153,32768,1048576,149979136,153,23103,2652609,311832780,153,23103,2652609,311832780,146,123,132,18807,1237811200,130973695,0,0,0,2,1,239.3202614379085,480960,61562880,59.0234375,15922,2038122.7450980393,234035083,66.1125941176403,2038122.7450980393,128.81506849315068,0.6329996585845947
93,128,2,2000,0,0,0,0,161,1048576,1048576,168820736,0,0,0,0,0,0,0,0,266,524288,524288,139460608,263,4639,348246,40555250,263,4639,348246,40555250,140,3,132,4642,1346711552,28671,0,0,4,2,1,128.0,3438780,6877560,64.2162109375,77101,154202.47148288973,231082885,36.333251439985055,154202.47148288973,33.15714285714286,0.6125843524932861
94,512,1,2000,0,0,0,0,375,1048576,1048576,393216000,0,0,0,0,0,0,0,0,112,524288,2097152,142606336,113,4717,28808,1515262,113,4717,28808,1515262,110,2,4,317,1602965504,1433599,0,0,1,4,0,310.85714285714283,94113319,94113319,76.4353515625,13409,13409.398230088496,227199733,14.968623349021362,13409.398230088496,2.881818181818182,0.6240432262420654
95,128,1,2000,0,0,0,0,156,1048576,1048576,163577856,0,0,0,0,0,0,0,0,211,524288,2097152,131072000,210,3199,26444,1404052,210,3199,26444,1404052,211,2,3,513,1650982912,352255,0,0,1,8,1,151.65876777251185,93352667,93352667,78.725,6685,6685.961904761904,206140882,18.132657770583865,6685.961904761904,2.4312796208530805,0.6326737403869629
96,256,4,2000,0,0,0,0,113,1048576,1048576,118489088,0,0,0,0,0,0,0,0,94,524288,2097152,116916224,94,3331,74402,3009337,94,3331,74402,3009337,96,2,6,406,1667174400,417791,0,0,4,2,0,303.6595744680851,38851156,155404624,79.4970703125,8003,32014.22340425532,191150072,24.928789569020743,32014.22340425532,4.229166666666667,0.6344239711761475
97,4,2,2000,0,0,0,0,55,1048576,1048576,57671680,0,0,0,0,0,0,0,0,111,1048576,2097152,135266304,111,9702,83625,2580843,111,9702,83625,2580843,108,3,6,397,1595936768,4095,0,0,3,4,1,297.5135135135135,52411674,104823348,76.10019531249999,11625,23250.837837837837,211490833,21.260092957354576,23250.837837837837,3.675925925925926,0.6333465576171875
98,4,4,2000,0,0,0,0,68,1048576,1048576,71303168,0,0,0,0,0,0,0,0,2469,32768,1048576,125304832,2468,568,34679,3130313,2468,568,34679,3130313,2471,3,8,13507,1537212416,237567,0,0,5,9,1,12.390441474281085,40029489,160117956,73.3,317,1268.3602106969206,192058709,18.727063121986475,1268.3602106969206,5.466208012950222,0.6347160339355469
99,8,4,2000,0,0,0,0,64,1048576,1048576,67108864,0,0,0,0,0,0,0,0,235,524288,524288,123207680,235,12120,20027,3544494,235,12120,20027,3544494,234,5,6,1294,1476919296,208895,0,0,4,8,1,128.0,34760301,139041204,70.42500000000001,3770,15082.953191489361,197558357,21.30875100710316,15082.953191489361,5.52991452991453,0.6329829692840576
100,64,64,2000,0,0,0,0,131,1048576,1048576,137363456,0,0,0,0,0,0,0,0,453,65536,524288,122224640,453,996,107105,33762241,453,996,107105,33762241,510,4,67,27424,1489960960,278527,0,0,5,4,0,65.8719646799117,3620157,231690048,71.046875,1164,74530.33333333333,190385102,21.041263867718456,74530.33333333333,53.772549019607844,0.6380569934844971
101,64,64,2000,0,0,0,0,134,1048576,1048576,140509184,0,0,0,0,0,0,0,0,453,262144,262144,118751232,453,84783,105200,43664226,453,84783,105200,43664226,454,59,67,29604,1524027392,28671,0,0,5,7,1,64.0,2719645,174057280,72.6712890625,1506,96389.01986754966,185938620,23.096865615640805,96389.01986754966,65.20704845814979,0.6384520530700684
102,1,4,2000,0,0,0,0,30,1048576,1048576,31457280,0,0,0,0,0,0,0,0,938,65536,524288,116850688,939,876,104922,16036156,938,876,104922,16018674,878,5,66,9398,1449394176,24575,0,0,6,7,1,30.413646055437102,7286701,29146804,69.1125,4269,17077.4776119403,184047335,52.45963540624121,17077.90841320554,10.703872437357631,0.6318342685699463
103,2,32,2000,0,0,0,0,26,1048576,1048576,27262976,0,0,0,0,0,0,0,0,222,524288,524288,116391936,222,12707,105017,17313038,222,12707,105017,17313038,251,5,34,6948,1349881856,159743,0,0,4,9,1,128.0,6722790,215129280,64.3673828125,2437,77986.65765765766,185544612,22.010213226908906,77986.65765765766,27.681274900398407,0.634573221206665
104,8,64,2000,0,0,0,0,56,1048576,1048576,58720256,0,0,0,0,0,0,0,0,55,2097152,2097152,115343360,55,132780,538094,18924013,55,132780,538094,18924013,87,33,66,4900,1288146944,4095,0,0,5,9,1,512.0,6095079,390085056,61.423632812499996,5376,344072.9636363636,194855324,11.931739411815864,344072.9636363636,56.32183908045977,0.6349940299987793
105,4,64,2000,0,0,0,0,51,1048576,1048576,53477376,0,0,0,0,0,0,0,0,64,2097152,2097152,134217728,64,616206,773667,44765072,64,616206,773667,44765072,63,64,67,4144,1205833728,12287,0,0,5,3,1,512.0,2998269,191889216,57.49863281249999,10928,699454.25,210341247,20.76874026736698,699454.25,65.77777777777777,0.6380951404571533
106,256,8,2000,0,0,0,0,104,1048576,1048576,109051904,0,0,0,0,0,0,0,0,60,2097152,2097152,125829120,60,649395,784853,43085759,60,649395,784853,43085759,12,64,66,785,1181241344,28671,0,0,7,9,0,512.0,2920434,23363472,56.3259765625,89761,718095.9833333333,204259047,21.439967655254772,718095.9833333333,65.41666666666667,0.636561393737793
107,1024,1,2000,0,0,0,0,112,1048576,1048576,117440512,0,0,0,0,0,0,0,0,52,524288,4194304,122159104,52,39352,733257,6516231,52,39352,733257,6516231,44,2,10,262,1185714176,28671,0,0,2,0,0,573.5384615384615,18746895,18746895,56.5392578125,125312,125312.13461538461,176656303,36.69289398568293,125312.13461538461,5.954545454545454,0.6350040435791016
108,512,16,2000,0,0,0,0,111,1048576,1048576,116391936,0,0,0,0,0,0,0,0,51,1572864,4194304,121110528,51,39960,211258,7892818,51,39960,211258,7892818,65,2,18,961,1186988032,2047999,0,0,7,9,1,579.7647058823529,15344396,245510336,56.599999999999994,9672,154761.13725490196,211708095,18.055108723439236,154761.13725490196,14.784615384615385,0.6283893585205078
109,256,2,2000,0,0,0,0,214,1048576,1048576,224395264,0,0,0,0,0,0,0,0,91,1048576,2097152,122683392,91,13481,207549,6274834,91,13481,207549,6274834,75,3,18,363,1297088512,1093631,0,0,3,8,1,329.14285714285717,19551655,39103310,61.85000000000001,34477,68954.21978021978,173330201,43.284365177120854,68954.21978021978,4.84,0.6352319717407227
110,512,32,2000,0,0,0,0,216,1048576,1048576,226492416,0,0,0,0,0,0,0,0,68,1048576,2097152,119537664,67,13892,407827,11837707,67,13892,407827,11837707,99,3,35,2253,1442484224,28671,0,0,4,1,0,429.1764705882353,10098042,323137344,68.7830078125,5521,176682.19402985074,193835798,18.089679924345436,176682.19402985074,22.757575757575758,0.6321060657501221
111,1024,32,2000,0,0,0,0,111,1048576,1048576,116391936,0,0,0,0,0,0,0,0,49,2097152,4194304,115343360,49,374828,489935,19684117,49,374828,489935,19684117,49,33,34,1639,1465413632,28671,0,0,3,0,0,574.6938775510204,5859717,187510944,69.8763671875,12553,401716.67346938775,181132113,20.897792553836876,401716.67346938775,33.44897959183673,0.636958122253418
112,16,8,2000,0,0,0,0,86,1048576,1048576,90177536,0,0,0,0,0,0,0,0,28,4194304,4194304,117440512,28,522551,813245,18964847,28,522551,813245,18964847,6,33,34,201,1448235008,28671,0,0,1,9,1,1024.0,6192536,49540288,69.05722656249999,84664,677315.9642857143,180800534,19.744518548440833,677315.9642857143,33.5,0.6336982250213623
113,64,1,2000,0,0,0,0,276,1048576,1048576,289406976,0,0,0,0,0,0,0,0,357,262144,4194304,121110528,357,1735,801686,7291170,357,1735,801686,7291170,350,2,9,822,1615679488,1957887,0,0,2,4,1,82.82352941176471,16610575,16610575,77.04160156249999,20423,20423.44537815126,184724322,104.9956971632382,20423.44537815126,2.3485714285714288,0.6365957260131836
114,256,2,2000,0,0,0,0,221,1048576,1048576,231735296,0,0,0,0,0,0,0,0,169,262144,1048576,121372672,170,1987,22690,1932520,170,1987,22690,1932520,170,2,4,509,1770520576,2047999,0,0,2,2,0,175.33727810650888,62805389,125610778,84.425,5683,11367.764705882353,192028247,21.653691967903864,11367.764705882353,2.9941176470588236,0.6360030174255371
115,2,128,2000,0,0,0,0,35,1048576,1048576,36700160,0,0,0,0,0,0,0,0,113,671744,1048576,117964800,113,12479,495404,23794775,113,12479,495404,23794775,240,3,132,20170,1718980608,12287,0,0,0,7,1,254.86725663716814,4957592,634571776,81.9673828125,1645,210573.23008849556,184122683,9.83092670632953,210573.23008849556,84.04166666666667,0.6328847408294678
116,2,2,2000,0,0,0,0,28,1048576,1048576,29360128,0,0,0,0,0,0,0,0,28,4194304,4194304,117440512,28,604583,1198356,25260845,28,604583,1198356,25260845,4,129,130,518,1617809408,4222975,0,0,4,3,1,1024.0,4649112,9298224,77.1431640625,451086,902173.0357142857,215585644,6.8033077620828735,902173.0357142857,129.5,0.622572660446167
117,4,32,2000,0,0,0,0,44,1048576,1048576,46137344,0,0,0,0,0,0,0,0,59,2097152,4194304,130023424,59,1267038,1576459,83974234,59,1267038,1576459,83974234,0,0,0,0,1530908672,4095,0,0,3,9,1,538.0338983050848,1548372,49547904,72.9994140625,44477,1423292.1016949152,190171196,0,1423292.1016949152,0,0.6302614212036133
118,4,2,2000,0,0,0,0,43,1048576,1048576,45088768,0,0,0,0,0,0,0,0,111,1048576,2097152,121634816,111,15789,2283483,68101731,111,15789,2283483,68101731,77,3,36,675,1452773376,12287,0,0,4,7,1,267.5315315315315,1786075,3572150,69.2736328125,306764,613529.1081081082,189921440,261.60566765445407,613529.1081081082,8.766233766233766,0.628716230392456
119,8,128,2000,0,0,0,0,60,1048576,1048576,62914560,0,0,0,0,0,0,0,0,112,1048576,1048576,117440512,112,17872,520359,24768009,112,17872,520359,24768009,234,3,132,19831,1392508928,1196031,0,0,6,4,1,256.0,4741621,606927488,66.4,1727,221142.9375,188894387,10.193054627028074,221142.9375,84.74786324786325,0.6318278312683105
120,4,16,2000,0,0,0,0,43,1048576,1048576,45088768,0,0,0,0,0,0,0,0,74,1048576,2097152,116391936,71,599045,987087,56113642,71,599045,987087,56113642,21,126,131,2712,1323323392,20479,0,0,6,7,1,384.0,2074218,33187488,63.1009765625,49395,790332.985915493,188247091,15.937070489400266,790332.985915493,129.14285714285714,0.6350040435791016
121,2,4,2000,0,0,0,0,32,1048576,1048576,33554432,0,0,0,0,0,0,0,0,65,1048576,2097152,134217728,65,1025207,1579368,78707375,65,1025207,1579368,78707375,2,6,6,12,1216417792,20479,0,0,6,5,1,504.12307692307695,1705275,6821100,58.003320312499994,302720,1210882.6923076923,217954766,400.32641092936194,1210882.6923076923,6.0,0.6293501853942871
122,32,64,2000,0,0,0,0,90,1048576,1048576,94371840,0,0,0,0,0,0,0,0,73,131072,4194304,123207680,73,55752,516173,22710614,73,55752,516173,22710614,133,5,67,6478,1175977984,2613247,0,0,5,6,1,412.05479452054794,5425114,347207296,56.074999999999996,4861,311104.30136986304,187482863,15.501072276953751,311104.30136986304,48.70676691729323,0.636096715927124
123,8,1,2000,0,0,0,0,76,1048576,1048576,79691776,0,0,0,0,0,0,0,0,1270,65536,4194304,104005632,1270,652,651759,25171607,1270,652,651759,25171607,1205,2,66,7339,1157992448,73727,0,0,2,8,1,19.993700787401576,4131863,4131863,55.217382812500006,19820,19820.162992125985,151348252,162.76618799268618,19820.162992125985,6.090456431535269,0.6325182914733887
124,16,256,2000,0,0,0,0,84,1048576,1048576,88080384,0,0,0,0,0,0,0,0,457,262144,262144,119799808,457,1886,392344,90121975,457,1886,392344,90121975,712,2,263,128066,1125588992,2949119,0,0,7,9,1,64.0,1329307,340302592,53.672265625,770,197203.4463894967,191020133,17.13091953432723,197203.4463894967,179.86797752808988,0.6359069347381592
125,2,64,2000,0,0,0,0,38,1048576,1048576,39845888,0,0,0,0,0,0,0,0,470,262144,262144,123207680,470,73937,397291,135663773,470,73937,397291,135663773,279,54,262,33447,1042845696,12287,0,0,6,3,1,64.0,908184,58123776,49.7267578125,4510,288646.3255319149,193325327,37.621238836538154,288646.3255319149,119.88172043010752,0.6359515190124512
126,1,8,2000,0,0,0,0,18,1048576,1048576,18874368,0,0,0,0,0,0,0,0,334,262144,1048576,119537664,334,11229,110083,17604458,334,11229,110083,17604458,278,9,72,7253,933548032,20479,0,0,9,2,1,87.37724550898204,6790192,54321536,44.5150390625,6588,52707.95808383234,192669256,23.120911987266005,52707.95808383234,26.08992805755396,0.6289839744567871
127,256,64,2000,0,0,0,0,98,1048576,1048576,102760448,0,0,0,0,0,0,0,0,113,1048576,1048576,118489088,113,48773,481297,24597404,113,48773,481297,24597404,169,9,66,8390,907538432,28671,0,0,6,1,1,256.0,4817137,308296768,43.2748046875,3401,217676.14159292035,192266161,17.127564403867858,217676.14159292035,49.64497041420118,0.6322457790374756
128,1,128,2000,0,0,0,0,41,1048576,1048576,42991616,0,0,0,0,0,0,0,0,3550,8192,1048576,112312320,3550,519,410194,89700333,3550,519,410194,89700333,3614,61,135,454821,838328320,8191,0,0,0,7,1,7.723943661971831,1252083,160266624,39.974609375,197,25267.699436619718,166064327,25.994067619272652,25267.699436619718,125.84975096845601,0.638432502746582
129,1024,64,2000,0,0,0,0,192,1048576,1048576,201326592,0,0,0,0,0,0,0,0,2272,8192,4194304,113803264,2272,2193,516998,21325628,2272,2193,516998,21325628,2241,26,135,281846,922660864,3108863,0,0,6,4,0,12.22887323943662,5336455,341533120,43.995898437499996,146,9386.279929577464,182160337,6.102911044929263,9386.279929577464,125.76796073181616,0.626392126083374
130,4,1,2000,0,0,0,0,115,1048576,1048576,120586240,0,0,0,0,0,0,0,0,35,2097152,4194304,132186112,35,607400,1224581,32404603,35,607400,1224581,32404603,4,65,66,262,939446272,12287,0,0,4,2,1,922.0571428571428,4079238,4079238,44.7962890625,925845,925845.8,231325406,15.329907144235829,925845.8,65.5,0.6354362964630127
131,512,2,2000,0,0,0,0,193,1048576,1048576,202375168,0,0,0,0,0,0,0,0,38,2097152,4194304,123682816,38,30851,1887951,36370538,38,30851,1887951,36370538,11,3,4,37,1032978432,761855,0,0,4,2,1,794.6315789473684,3400632,6801264,49.25625,478559,957119.4210526316,193474278,358.0892385961269,957119.4210526316,3.3636363636363638,0.6284818649291992
132,2,64,2000,0,0,0,0,58,1048576,1048576,60817408,0,0,0,0,0,0,0,0,2554,32768,2097152,122683392,2556,6640,45321,36055992,2554,6640,45321,36011369,2615,3,72,170241,982487040,12287,0,0,7,5,1,11.727486296006264,3402579,217765056,46.8486328125,220,14099.987862176977,173870501,18.47647831372191,14106.413145539906,65.10172084130019,0.6326570510864258
133,64,32,2000,0,0,0,0,309,1048576,1048576,324009984,0,0,0,0,0,0,0,0,745,65536,1048576,123600896,745,19486,54320,25844521,745,19486,54320,25844521,711,24,72,34119,1170857984,9003007,0,0,3,0,0,40.504697986577185,4782479,153039328,55.830859374999996,1084,34690.6322147651,193919170,17.847612296788757,34690.6322147651,47.9873417721519,0.6382162570953369
134,1,8,2000,0,0,0,0,27,1048576,1048576,28311552,0,0,0,0,0,0,0,0,947,4096,1048576,117727232,947,293,196471,12790021,945,293,196471,12789124,920,8,34,9254,1096417280,16383,0,0,9,9,1,30.350580781414994,9204616,73636928,52.28125,1691,13533.46455026455,186627130,44.239743947995066,13505.829989440337,10.058695652173913,0.6341433525085449
135,32,2,2000,0,0,0,0,217,1048576,1048576,227540992,0,0,0,0,0,0,0,0,2020,4096,4194304,95674368,2019,283,125638,2351207,2019,283,125638,2351207,2014,3,12,17787,1231450112,28671,0,0,3,5,0,11.563366336633663,40691597,81383194,58.7201171875,582,1164.5403665180781,152194995,11.403207408285212,1164.5403665180781,8.83167825223436,0.6222124099731445
136,512,16,2000,0,0,0,0,104,1048576,1048576,109051904,0,0,0,0,0,0,0,0,28,4194304,4194304,117440512,28,62018,415608,6274403,28,62018,415608,6274403,41,3,18,579,1226362880,28671,0,0,7,3,1,1024.0,18717400,299478400,58.47753906249999,14005,224085.82142857142,231869325,15.496003816135424,224085.82142857142,14.121951219512194,0.6325051784515381
137,1024,256,2000,0,0,0,0,179,1048576,1048576,187695104,0,0,0,0,0,0,0,0,33,2097152,4194304,115343360,33,286506,520194,12991926,33,286506,520194,12991926,272,17,258,38982,1303379968,3481599,0,0,8,9,0,853.3333333333334,8878080,2272788480,62.150000000000006,1537,393694.7272727273,181552045,3.219183067009949,393694.7272727273,143.31617647058823,0.627617597579956
138,2,32,2000,0,0,0,0,60,1048576,1048576,62914560,0,0,0,0,0,0,0,0,25,4194304,4194304,104857600,27,607380,1226592,24827047,26,607380,1225464,23600455,5,257,258,1288,1276116992,15921151,0,0,7,0,1,1024.0,4223522,135152704,60.85,28365,907709.8076923077,167679213,3.4859045154614527,919520.2592592592,257.6,0.6336843967437744
139,32,256,2000,0,0,0,0,107,1048576,1048576,112197632,0,0,0,0,0,0,0,0,34,2097152,4194304,136314880,34,1297555,1914976,53713407,34,1297555,1914976,53713407,58,227,258,14421,1252741120,28671,0,0,7,1,1,978.8235294117648,2537818,649681408,59.73535156250001,6171,1579806.0882352942,211255467,6.491304760385495,1579806.0882352942,248.63793103448276,0.6391294002532959
140,16,4,2000,0,0,0,0,244,1048576,1048576,255852544,0,0,0,0,0,0,0,0,56,1048576,4194304,154107904,56,2017593,2584610,128557554,56,2017593,2584610,128557554,11,257,258,2830,1360035840,23896063,0,0,2,2,1,671.8571428571429,1198746,4794984,64.8515625,573917,2295670.6071428573,206184017,13.28124794789282,2295670.6071428573,257.27272727272725,0.638007402420044
141,1,8,2000,0,0,0,0,35,1048576,1048576,36700160,0,0,0,0,0,0,0,0,37,1048576,4194304,145752064,37,2611060,3309733,109786525,37,2611060,3309733,109786525,0,0,0,0,1335808000,28671,0,0,2,1,1,961.7297297297297,1327595,10620760,63.6962890625,370900,2967203.378378378,236054428,0,2967203.378378378,0,0.6275107860565186
142,1024,128,2000,0,0,0,0,143,1048576,1048576,149946368,0,0,0,0,0,0,0,0,35,1048576,4194304,140509184,35,3399813,3970780,129429201,35,3399813,3970780,129429201,6,129,130,777,1332146176,28671,0,0,9,0,0,980.1142857142858,1085606,138957568,63.5216796875,28890,3697977.1714285715,269788380,29.135182182115482,3697977.1714285715,129.5,0.6255333423614502
143,16,64,2000,0,0,0,0,110,1048576,1048576,115343360,0,0,0,0,0,0,0,0,44,131072,4194304,137834496,44,588681,4502554,138949740,44,588681,4502554,138949740,7,129,130,907,1337286656,16383,0,0,3,7,1,764.7954545454545,991973,63486272,63.766796875,49342,3157948.6363636362,174927913,31.86768508462751,3157948.6363636362,129.57142857142858,0.6351265907287598
144,256,64,2000,0,0,0,0,156,1048576,1048576,163577856,0,0,0,0,0,0,0,0,104,131072,4194304,154750976,104,414058,5416956,346006495,104,414058,5416956,346006495,81,46,70,5133,1339285504,1761279,0,0,5,9,1,363.27884615384613,447248,28623872,63.862109374999996,51984,3326985.528846154,240214851,144.51886994738558,3326985.528846154,63.370370370370374,0.63606858253479
145,8,128,2000,0,0,0,0,80,1048576,1048576,83886080,0,0,0,0,0,0,0,0,42,2097152,4194304,146800640,42,404608,906512,27726636,42,404608,906512,27726636,106,64,130,10900,1287237632,28671,0,0,9,4,1,853.3333333333334,5294570,677704960,61.3802734375,5157,660158.0,268128429,7.5233028956422014,660158.0,102.83018867924528,0.6370751857757568
146,256,128,2000,0,0,0,0,235,1048576,1048576,246415360,0,0,0,0,0,0,0,0,163,32768,4194304,141778944,163,141206,1178983,143076687,163,141206,1178983,143076687,163,55,130,18009,1386455040,12464127,0,0,9,4,0,212.35582822085888,990929,126838912,66.111328125,6857,877771.0858895705,186083945,37.41235893387834,877771.0858895705,110.48466257668711,0.6349282264709473
147,1024,64,2000,0,0,0,0,135,1048576,1048576,141557760,0,0,0,0,0,0,0,0,115,958464,1048576,120496128,114,259365,747885,61868181,114,259365,747885,61868181,49,62,130,4328,1471655936,856063,0,0,5,2,0,255.80869565217392,1947626,124648064,70.1740234375,8479,542703.3421052631,186234017,24.01906075809049,542703.3421052631,88.3265306122449,0.6331110000610352
148,512,64,2000,0,0,0,0,146,1048576,1048576,153092096,0,0,0,0,0,0,0,0,45,1048576,4194304,122683392,45,390117,1078586,30076373,45,390117,1078586,30076373,44,61,66,2847,1510473728,1466367,0,0,5,2,1,665.6,4079062,261059968,72.02499999999999,10443,668363.8444444444,205629493,15.519039713043266,668363.8444444444,64.70454545454545,0.6374373435974121
149,512,8,2000,0,0,0,0,150,1048576,1048576,157286400,0,0,0,0,0,0,0,0,29,4194304,4194304,121634816,30,841847,1338369,32970919,30,841847,1338369,32970919,6,65,66,394,1557004288,4898815,0,0,2,6,1,1024.0,3689154,29513232,74.24374999999999,137378,1099030.6333333333,184407879,16.34424522128807,1099030.6333333333,65.66666666666667,0.6311657428741455
150,256,8,2000,0,0,0,0,232,1048576,1048576,243269632,0,0,0,0,0,0,0,0,66,1048576,4194304,123731968,66,48456,1522455,53529404,66,48456,1522455,53529404,35,8,10,328,1694367744,16564223,0,0,9,6,1,457.6969696969697,2311476,18491808,80.79375,101381,811051.5757575758,209692839,189.088290696698,811051.5757575758,9.371428571428572,0.6305217742919922
151,1,4,2000,0,0,0,0,24,1048576,1048576,25165824,0,0,0,0,0,0,0,0,29,4194304,4194304,121634816,29,88857,231433,4265512,29,88857,231433,4265512,24,5,10,152,1658785792,20479,0,0,5,7,1,1024.0,28515877,114063508,79.0970703125,36771,147086.62068965516,199857793,22.679886002722323,147086.62068965516,6.333333333333333,0.6291162967681885
152,8,2,2000,0,0,0,0,67,1048576,1048576,70254592,0,0,0,0,0,0,0,0,624,65536,4194304,119341056,624,672,136236,2733364,624,672,136236,2733364,621,3,6,2150,1598992384,102399,0,0,4,6,1,46.69230769230769,43660872,87321744,76.2458984375,2190,4380.391025641025,156862899,27.096966974445422,4380.391025641025,3.4621578099838968,0.6319820880889893
153,128,8,2000,0,0,0,0,116,1048576,1048576,121634816,0,0,0,0,0,0,0,0,422,65536,1048576,114622464,422,679,62818,5175413,422,679,62818,5175413,427,3,10,2353,1608515584,598015,0,0,8,2,0,66.31279620853081,22147500,177180000,76.7,1533,12264.011848341232,183217097,33.56148493997055,12264.011848341232,5.510538641686183,0.6332945823669434
154,1024,4,2000,0,0,0,0,127,1048576,1048576,133169152,0,0,0,0,0,0,0,0,52,1048576,4194304,130023424,52,42401,145404,3933004,52,42401,145404,3933004,48,5,10,337,1612447744,6668287,0,0,6,1,0,610.4615384615385,33059570,132238280,76.8875,18908,75634.69230769231,228273125,17.647129558724995,75634.69230769231,7.020833333333333,0.6257994174957275
155,1024,64,2000,0,0,0,0,153,1048576,1048576,160432128,0,0,0,0,0,0,0,0,29,4194304,4194304,121634816,29,96141,513147,7201127,29,96141,513147,7201127,87,5,66,3640,1675624448,1638399,0,0,4,8,1,1024.0,16891080,1081029120,79.9,3879,248314.72413793104,196617810,5.795893340058379,248314.72413793104,41.839080459770116,0.6276609897613525
156,2,4,2000,0,0,0,0,29,1048576,1048576,30408704,0,0,0,0,0,0,0,0,26,4194304,4194304,109051904,27,602753,1230408,25101724,27,602753,1230408,25101724,4,65,66,262,1602289664,1605631,0,0,3,0,1,1024.0,4344398,17377592,76.403125,232423,929693.4814814815,166686874,13.861126572660446,929693.4814814815,65.5,0.6290693283081055
157,1024,2,2000,0,0,0,0,104,1048576,1048576,109051904,0,0,0,0,0,0,0,0,29,4194304,4194304,121634816,29,1292490,1506778,42193408,29,1292490,1506778,42193408,0,0,0,0,1585786880,28671,0,0,1,4,1,1024.0,2882791,5765582,75.6162109375,727472,1454945.103448276,182960626,0,1454945.103448276,0,0.6189649105072021
158,16,2,2000,0,0,0,0,88,1048576,1048576,92274688,0,0,0,0,0,0,0,0,31,3145728,4194304,128974848,31,43450,2152310,14873883,31,43450,2152310,14873883,26,3,4,92,1556418560,28671,0,0,3,3,1,1015.741935483871,8671229,17342458,74.2158203125,239901,479802.67741935485,217189311,133.4949401014051,479802.67741935485,3.5384615384615383,0.6319923400878906
159,512,32,2000,0,0,0,0,105,1048576,1048576,110100480,0,0,0,0,0,0,0,0,52,2097152,4194304,121634816,52,32059,411491,11869080,52,32059,411491,11869080,81,3,34,2128,1547497472,28671,0,0,3,1,1,571.0769230769231,10248040,327937280,73.79042968750001,7132,228251.53846153847,184405275,15.213617666539733,228251.53846153847,26.271604938271604,0.6299753189086914
160,32,4,2000,0,0,0,0,91,1048576,1048576,95420416,0,0,0,0,0,0,0,0,56,2097152,2097152,117440512,56,53472,400667,17661246,56,53472,400667,17661246,28,5,34,434,1532891136,12287,0,0,5,1,1,512.0,6649616,26598464,73.0939453125,78844,315379.39285714284,189810826,39.740346882200456,315379.39285714284,15.5,0.6369967460632324
161,64,1,2000,0,0,0,0,100,1048576,1048576,104857600,0,0,0,0,0,0,0,0,59,1048576,2097152,120586240,59,13730,75158,2131121,59,13730,75158,2131121,56,2,6,170,1520734208,28671,0,0,3,2,1,498.9830508474576,56583478,56583478,72.5142578125,36120,36120.69491525424,182282536,23.845663363171358,36120.69491525424,3.0357142857142856,0.6376473903656006
162,512,8,2000,0,0,0,0,106,1048576,1048576,111149056,0,0,0,0,0,0,0,0,67,1048576,2097152,118489088,67,8419,123354,4817484,67,8419,123354,4817484,73,2,10,529,1519898624,28671,0,0,9,1,0,431.76119402985074,24595637,196765096,72.4744140625,8987,71902.74626865672,202399689,22.98100727495525,71902.74626865672,7.2465753424657535,0.6337659358978271
163,8,4,2000,0,0,0,0,77,1048576,1048576,80740352,0,0,0,0,0,0,0,0,113,1048576,2097152,137363456,113,17366,130571,4427395,113,17366,130571,4427395,110,5,10,649,1470103552,942079,0,0,6,9,1,296.7787610619469,31025796,124103184,70.1,9795,39180.486725663715,202089016,22.376131089080083,39180.486725663715,5.9,0.6370491981506348
164,4,64,2000,0,0,0,0,119,1048576,1048576,124780544,0,0,0,0,0,0,0,0,3691,16384,1048576,121241600,3691,346,31349,36341243,3691,346,31349,36341243,3751,4,71,225458,1472598016,20479,0,0,5,3,1,8.01950690869683,3336198,213516672,70.2189453125,153,9845.907071254403,179370625,20.426289395334138,9845.907071254403,60.10610503865636,0.636181116104126
165,128,16,2000,0,0,0,0,100,1048576,1048576,104857600,0,0,0,0,0,0,0,0,224,524288,524288,117440512,224,32314,198099,22440093,224,32314,198099,22440093,175,12,68,4779,1456173056,28671,0,0,8,2,1,128.0,5233512,83736192,69.43574218750001,6261,100178.98660714286,192120419,28.659438847447817,100178.98660714286,27.30857142857143,0.6322627067565918
166,256,128,2000,0,0,0,0,105,1048576,1048576,110100480,0,0,0,0,0,0,0,0,39,524288,4194304,119013376,39,47399,521382,8855021,39,47399,521382,8855021,151,17,130,11434,1454059520,28671,0,0,9,6,1,745.025641025641,13440213,1720347264,69.3349609375,1773,227051.8205128205,223530173,4.024690865537246,227051.8205128205,75.72185430463576,0.6365301609039307
167,1,256,2000,0,0,0,0,25,1048576,1048576,26214400,0,0,0,0,0,0,0,0,28,4194304,4194304,117440512,28,618172,1244892,26032339,28,618172,1244892,26032339,157,129,258,31622,1367162880,24575,0,0,8,3,1,1024.0,4511331,1154900736,65.19140625,3631,929726.3928571428,194268101,4.507809154776893,929726.3928571428,201.4140127388535,0.6358754634857178
168,4,64,2000,0,0,0,0,75,1048576,1048576,78643200,0,0,0,0,0,0,0,0,50,1048576,4194304,117440512,49,1319550,1930685,82377986,49,1319550,1930685,82377986,4,257,258,1030,1322946560,4095,0,0,3,7,1,573.44,1425629,91240256,63.0830078125,26268,1681183.387755102,144470970,11.385441415427126,1681183.387755102,257.5,0.6294171810150146
169,16,2,2000,0,0,0,0,77,1048576,1048576,80740352,0,0,0,0,0,0,0,0,31,1048576,4194304,117440512,31,2040873,2636284,72084341,31,2040873,2636284,72084341,0,0,0,0,1276915712,770047,0,0,8,2,1,924.9032258064516,1629209,3258418,60.8880859375,1162650,2325301.3225806453,221242686,0,2325301.3225806453,0,0.6359591484069824
170,16,8,2000,0,0,0,0,101,1048576,1048576,105906176,0,0,0,0,0,0,0,0,1305,65536,4194304,116391936,1305,1641,2960554,370222548,1305,1641,2960554,370222548,1144,6,12,10708,1269616640,28671,0,0,0,5,1,21.77471264367816,314383,2515064,60.54003906249999,35461,283695.43908045976,135750723,1391.9306028455612,283695.43908045976,9.36013986013986,0.6341381072998047
171,1024,4,2000,0,0,0,0,122,1048576,1048576,127926272,0,0,0,0,0,0,0,0,40,2097152,4194304,130023424,41,41880,140468,4195335,41,41880,140468,4195335,36,5,10,231,1264975872,4194303,0,0,6,1,0,793.6,30992381,123969524,60.31875,25581,102325.24390243902,235328999,20.094243016031957,102325.24390243902,6.416666666666667,0.6353952884674072
172,4,16,2000,0,0,0,0,59,1048576,1048576,61865984,0,0,0,0,0,0,0,0,428,131072,4194304,123731968,428,10484,133422,10252674,428,10484,133422,10252674,439,5,19,7579,1217597440,20479,0,0,7,3,1,70.57943925233644,12068263,193092208,58.0595703125,1497,23954.845794392524,167079995,19.659288186679408,23954.845794392524,17.264236902050115,0.6359355449676514
173,2,16,2000,0,0,0,0,37,1048576,1048576,38797312,0,0,0,0,0,0,0,0,259,262144,2097152,144179200,259,18110,171251,10272734,259,18110,171251,10272734,260,17,20,4583,1105199104,1998847,0,0,8,1,1,135.90733590733592,14035134,224562144,52.7,2478,39663.065637065636,230071963,16.556436583817664,39663.065637065636,17.626923076923077,0.6372308731079102
174,512,8,2000,0,0,0,0,198,1048576,1048576,207618048,0,0,0,0,0,0,0,0,80,32768,2097152,138870784,80,12980,172965,7911208,80,12980,172965,7911208,73,2,18,740,1163460608,458751,0,0,0,2,0,423.8,17553676,140429408,55.478125,12361,98890.1,213429363,23.018817200872416,98890.1,10.136986301369863,0.6297979354858398
175,1,16,2000,0,0,0,0,61,1048576,1048576,63963136,0,0,0,0,0,0,0,0,3331,16384,2097152,141099008,3332,486,99856,10600344,3331,486,99856,10558819,3340,9,25,59557,1130864640,28671,0,0,7,4,1,10.341639147403182,13310795,212972720,53.92382812499999,198,3169.864605223657,222289785,17.25199167970586,3181.37575030012,17.831437125748504,0.6360864639282227
176,1024,64,2000,0,0,0,0,114,1048576,1048576,119537664,0,0,0,0,0,0,0,0,83,524288,4194304,135266304,83,40024,508638,9608603,83,40024,508638,9608603,133,17,68,5095,1102671872,28671,0,0,6,5,0,397.87951807228916,14077624,900967936,52.5794921875,1808,115766.30120481928,230046452,7.595179233849496,115766.30120481928,38.30827067669173,0.6292123794555664
177,512,256,2000,0,0,0,0,288,1048576,1048576,301989888,0,0,0,0,0,0,0,0,42,1048576,4194304,119996416,42,623110,1044246,34860816,42,623110,1044246,34860816,235,64,259,39203,1289596928,28671,0,0,8,5,1,697.5238095238095,3442157,881192192,61.492773437500006,3242,830019.4285714285,210861515,7.133091275672136,830019.4285714285,166.82127659574468,0.6310994625091553
178,16,256,2000,0,0,0,0,179,1048576,1048576,187695104,0,0,0,0,0,0,0,0,57,2097152,4194304,161480704,57,960404,1236552,60679947,57,960404,1236552,60679947,58,256,258,14928,1345851392,4095,0,0,8,4,1,691.6491228070175,2661187,681263872,64.1751953125,4158,1064560.4736842106,256585004,5.980133424936449,1064560.4736842106,257.37931034482756,0.6285955905914307
179,256,256,2000,0,0,0,0,137,1048576,1048576,143654912,0,0,0,0,0,0,0,0,50,1638400,4194304,144244736,50,1338727,1934807,79477347,50,1338727,1934807,79477347,51,256,258,13127,1350565888,892927,0,0,8,0,0,704.32,1814916,464618496,64.4,6209,1589546.94,230245488,8.768151140345045,1589546.94,257.3921568627451,0.6282856464385986
180,16,32,2000,0,0,0,0,153,1048576,1048576,160432128,0,0,0,0,0,0,0,0,53,2097152,4194304,153092096,53,2037656,3328019,128095319,53,2037656,3328019,128095319,4,257,258,1030,1361235968,28671,0,0,9,6,1,705.2075471698113,1195142,38244544,64.9087890625,75527,2416892.8113207547,245233045,13.309544882131933,2416892.8113207547,257.5,0.6361691951751709
181,32,256,2000,0,0,0,0,194,1048576,1048576,203423744,0,0,0,0,0,0,0,0,67,2097152,2097152,140509184,67,2059095,3301822,184662283,67,2059095,3301822,184662283,124,190,259,29372,1424838656,28671,0,0,8,3,1,512.0,760898,194789888,67.9416015625,10766,2756153.4776119404,207710985,22.72592674517029,2756153.4776119404,236.8709677419355,0.6320784091949463
182,128,256,2000,0,0,0,0,285,1048576,1048576,298844160,0,0,0,0,0,0,0,0,92,65536,4194304,145551360,96,2273368,4061581,280409905,96,2273368,4061581,280409905,91,244,259,23326,1570967552,62697471,0,0,3,6,1,386.25,519066,132880896,74.9095703125,11409,2920936.5104166665,211098727,29.502223300462163,2920936.5104166665,256.3296703296703,0.6325020790100098
183,4,64,2000,0,0,0,0,67,1048576,1048576,70254592,0,0,0,0,0,0,0,0,66,2097152,4194304,142606336,66,1355425,4635828,123998230,66,1355425,4635828,123998230,6,257,258,1545,1602588672,12287,0,0,8,9,1,527.5151515151515,1150067,73604288,76.4173828125,29355,1878761.0606060605,245887517,13.831184635565391,1878761.0606060605,257.5,0.6309621334075928
184,64,64,2000,0,0,0,0,116,1048576,1048576,121634816,0,0,0,0,0,0,0,0,62,524288,4194304,145752064,62,1671609,3671792,131360025,62,1671609,3671792,131360025,0,0,0,0,1573203968,28671,0,0,9,3,1,573.9354838709677,1109561,71011904,75.0162109375,33104,2118710.080645161,235153880,0,2118710.080645161,0,0.6362812519073486
185,512,4,2000,0,0,0,0,142,1048576,1048576,148897792,0,0,0,0,0,0,0,0,91,524288,4194304,149946368,91,1497303,4291730,206471165,91,1497303,4291730,206471165,0,0,0,0,1576534016,1613823,0,0,1,5,1,402.2857142857143,726233,2904932,75.175,567228,2268913.901098901,205828627,0,2268913.901098901,0,0.6337144374847412
186,8,128,2000,0,0,0,0,87,1048576,1048576,91226112,0,0,0,0,0,0,0,0,1107,65536,4194304,128581632,1107,26451,4780028,147623516,1107,26451,4780028,147623516,1213,17,134,149827,1547894784,368639,0,0,1,1,1,28.357723577235774,871010,111489280,73.809375,1041,133354.57633242998,199055320,38.07213890781829,133354.57633242998,123.51772464962902,0.6382648944854736
187,4,2,2000,0,0,0,0,67,1048576,1048576,70254592,0,0,0,0,0,0,0,0,1354,65536,1048576,144769024,1354,678,43158,20164497,1354,678,43158,20164497,1226,3,135,48474,1475346432,24575,0,0,4,9,1,26.103397341211227,7179401,14358802,70.35,7446,14892.538404726736,228908455,14.429567237960406,14892.538404726736,39.53833605220228,0.6337928771972656
188,512,128,2000,0,0,0,0,137,1048576,1048576,143654912,0,0,0,0,0,0,0,0,80,1048576,2097152,141557760,80,11466,505395,14397220,80,11466,505395,14397220,206,3,133,15568,1472245760,28671,0,0,9,7,0,432.0,9832298,1258534144,70.2021484375,1405,179965.25,249743635,5.512381984293517,179965.25,75.57281553398059,0.6288661956787109
189,512,64,2000,0,0,0,0,168,1048576,1048576,176160768,0,0,0,0,0,0,0,0,69,2097152,2097152,144703488,68,595909,1204471,61577225,68,595909,1204471,61577225,11,128,130,1424,1521987584,28671,0,0,1,7,1,512.0,2349951,150396864,72.5740234375,14149,905547.4264705882,205458846,13.662303715294271,905547.4264705882,129.45454545454547,0.6369907855987549
190,128,8,2000,0,0,0,0,119,1048576,1048576,124780544,0,0,0,0,0,0,0,0,54,2097152,2097152,113246208,54,1213479,1357332,69058688,54,1213479,1357332,69058688,8,64,66,522,1537527808,4231167,0,0,9,4,1,512.0,1639854,13118832,73.31503906249999,159858,1278864.5925925926,205688115,38.28019015183766,1278864.5925925926,65.25,0.632138729095459
191,16,8,2000,0,0,0,0,87,1048576,1048576,91226112,0,0,0,0,0,0,0,0,230,131072,2097152,119537664,230,4185,800318,13733911,230,4185,800318,13733911,229,8,10,2165,1522008064,57343,0,0,9,0,1,126.88695652173914,8703832,69630656,72.575,7464,59712.65652173913,165791269,49.77680229414833,59712.65652173913,9.45414847161572,0.6353824138641357
192,4,4,2000,0,0,0,0,48,1048576,1048576,50331648,0,0,0,0,0,0,0,0,226,524288,524288,118489088,226,4354,29741,4052223,226,4354,29741,4052223,222,4,10,1388,1456230400,20479,0,0,5,1,1,128.0,29240515,116962060,69.4384765625,4482,17930.190265486726,182548724,22.404664079037133,17930.190265486726,6.252252252252252,0.6378185749053955
193,128,2,2000,0,0,0,0,113,1048576,1048576,118489088,0,0,0,0,0,0,0,0,265,524288,524288,138936320,265,4376,14589,2385299,265,4376,14589,2385299,263,3,6,1040,1432113152,577535,0,0,3,5,1,128.0,58246919,116493838,68.2884765625,4500,9001.128301886793,217281562,17.783178661329824,9001.128301886793,3.9543726235741445,0.6346039772033691
194,128,64,2000,0,0,0,0,192,1048576,1048576,201326592,0,0,0,0,0,0,0,0,227,524288,524288,119013376,227,6300,197935,29604216,227,6300,197935,29604216,290,3,67,14356,1522774016,28671,0,0,6,6,1,128.0,4020149,257289536,72.6115234375,2037,130415.04845814977,191116088,20.581749384438254,130415.04845814977,49.50344827586207,0.630958080291748
195,8,16,2000,0,0,0,0,72,1048576,1048576,75497472,0,0,0,0,0,0,0,0,354,262144,2097152,122683392,354,17720,195059,25305952,354,17720,195059,25305952,306,14,66,7094,1484435456,28671,0,0,7,7,1,84.61016949152543,4848005,77568080,70.7833984375,4467,71485.74011299435,191500869,36.44408872069571,71485.74011299435,23.18300653594771,0.6368827819824219
196,128,2,2000,0,0,0,0,102,1048576,1048576,106954752,0,0,0,0,0,0,0,0,58,2097152,2097152,121634816,58,30168,206748,6036077,58,30168,206748,6036077,43,3,18,262,1466957824,770047,0,0,3,2,1,512.0,20151302,40302604,69.95,52035,104070.29310344828,198074270,33.359841688396614,104070.29310344828,6.093023255813954,0.6336023807525635
197,128,256,2000,0,0,0,0,178,1048576,1048576,186646528,0,0,0,0,0,0,0,0,210,524288,2097152,122683392,210,7310,513846,51314822,210,7310,513846,51314822,462,3,259,80883,1536479232,1990655,0,0,5,2,1,142.62857142857143,2390798,612044288,73.26503906250001,954,244356.29523809525,188250887,9.785921420961964,244356.29523809525,175.07142857142858,0.6337976455688477
198,128,16,2000,0,0,0,0,185,1048576,1048576,193986560,0,0,0,0,0,0,0,0,145,524288,2097152,112197632,145,611790,948914,106515696,145,611790,948914,106515696,29,250,258,7427,1642065920,28671,0,0,3,9,1,188.91034482758621,1053343,16853488,78.2998046875,45911,734591.0068965517,175632207,15.183589036088328,734591.0068965517,256.1034482758621,0.6354069709777832
199,32,32,2000,0,0,0,0,90,1048576,1048576,94371840,0,0,0,0,0,0,0,0,55,2097152,2097152,115343360,55,1050137,1534435,70915706,55,1050137,1534435,70915706,0,0,0,0,1626558464,28671,0,0,0,9,1,512.0,1626485,52047520,77.5603515625,40293,1289376.4727272727,178339793,0,1289376.4727272727,0,0.6337454319000244
200,512,1,2000,0,0,0,0,105,1048576,1048576,110100480,0,0,0,0,0,0,0,0,56,2097152,2097152,117440512,56,1594993,2086326,104193915,56,1594993,2086326,104193915,0,0,0,0,1622208512,28671,0,0,8,1,1,512.0,1127134,1127134,77.35292968750001,1860605,1860605.625,212780335,0,1860605.625,0,0.6307806968688965
201,2,16,2000,0,0,0,0,38,1048576,1048576,39845888,0,0,0,0,0,0,0,0,155,524288,2097152,134742016,154,31486,2263591,33333324,154,31486,2263591,33333324,160,4,18,2712,1535012864,28671,0,0,6,5,1,212.23225806451612,4042261,64676176,73.1951171875,13528,216450.15584415584,194126340,60.1695558216619,216450.15584415584,16.95,0.6345384120941162
202,4,2,2000,0,0,0,0,52,1048576,1048576,54525952,0,0,0,0,0,0,0,0,978,65536,524288,121438208,978,663,55631,4378949,978,663,55631,4378949,963,3,18,3865,1459355648,90111,0,0,3,1,1,30.314928425357873,27732272,55464544,69.5875,2238,4477.452965235174,183119395,36.80029279291858,4477.452965235174,4.013499480789201,0.6367151737213135
203,1024,256,2000,0,0,0,0,173,1048576,1048576,181403648,0,0,0,0,0,0,0,0,310,65536,4194304,114819072,310,678,518033,6635453,310,678,518033,6635453,563,2,259,39598,1522532352,2949119,0,0,7,4,0,90.4258064516129,17303878,4429792768,72.6,83,21404.687096774192,188114520,3.3655158203746165,21404.687096774192,70.33392539964476,0.6221702098846436
204,4,4,2000,0,0,0,0,51,1048576,1048576,53477376,0,0,0,0,0,0,0,0,26,4194304,4194304,109051904,26,607991,1211899,23796052,26,607991,1211899,23796052,4,257,258,1030,1482395648,12287,0,0,6,9,1,1024.0,4582772,18331088,70.6861328125,228808,915232.7692307692,206550431,3.47099806292009,915232.7692307692,257.5,0.6372537612915039
205,2,64,2000,0,0,0,0,30,1048576,1048576,31457280,0,0,0,0,0,0,0,0,28,4194304,4194304,117440512,28,1329194,1933229,45822642,28,1329194,1933229,45822642,0,0,0,0,1388572672,28671,0,0,4,1,1,1024.0,2562936,164027904,66.2123046875,25570,1636522.9285714286,173986527,0,1636522.9285714286,0,0.6267836093902588
206,32,64,2000,0,0,0,0,109,1048576,1048576,114294784,0,0,0,0,0,0,0,0,27,4194304,4194304,113246208,27,2022000,2629549,62779173,27,2022000,2629549,62779173,0,0,0,0,1384615936,28671,0,0,5,1,1,1024.0,1803881,115448384,66.0236328125,36330,2325154.5555555555,187629613,0,2325154.5555555555,0,0.6259167194366455
207,64,4,2000,0,0,0,0,101,1048576,1048576,105906176,0,0,0,0,0,0,0,0,26,4194304,4194304,109051904,26,2719564,3306097,78527749,26,2719564,3306097,78527749,0,0,0,0,1401131008,28671,0,0,5,3,1,1024.0,1388705,5554820,66.81113281249999,755074,3020298.0384615385,172587665,0,3020298.0384615385,0,0.6318638324737549
208,4,256,2000,0,0,0,0,53,1048576,1048576,55574528,0,0,0,0,0,0,0,0,29,4194304,4194304,121634816,29,3413696,4143811,108711672,29,3413696,4143811,108711672,145,137,258,29899,1342853120,4095,0,0,7,9,1,1024.0,1118875,286432000,64.0322265625,14643,3748678.3448275863,206707862,17.75372791523128,3748678.3448275863,206.2,0.6290202140808105
209,1,2,2000,0,0,0,0,20,1048576,1048576,20971520,0,0,0,0,0,0,0,0,31,16384,4194304,121667584,31,888024,4735491,131676535,31,888024,4735491,131676535,4,257,258,1029,1235947520,28671,0,0,0,7,1,958.1935483870968,923988,1847976,58.9345703125,2123815,4247630.161290322,147680155,17.23209459998843,4247630.161290322,257.25,0.6250498294830322
210,512,4,2000,0,0,0,0,110,1048576,1048576,115343360,0,0,0,0,0,0,0,0,44,1048576,4194304,124780544,44,1498115,4712862,124391837,44,1498115,4712862,124391837,0,0,0,0,1219579904,28671,0,0,4,3,1,692.3636363636364,1003124,4012496,58.1541015625,706771,2827087.2045454546,216321492,0,2827087.2045454546,0,0.6292681694030762
211,512,1,2000,0,0,0,0,105,1048576,1048576,110100480,0,0,0,0,0,0,0,0,50,16384,4194304,111296512,50,2028689,6246568,157596767,50,2028689,6246568,157596767,0,0,0,0,1222922240,28671,0,0,8,3,1,543.44,706210,706210,58.3134765625,3151935,3151935.34,187770338,0,3151935.34,0,0.6271505355834961
212,64,8,2000,0,0,0,0,109,1048576,1048576,114294784,0,0,0,0,0,0,0,0,105,16384,4194304,114524160,105,2392234,6992394,407368533,105,2392234,6992394,407368533,0,0,0,0,1223020544,4095,0,0,9,8,1,266.2857142857143,281131,2249048,58.3181640625,484962,3879700.314285714,170133672,0,3879700.314285714,0,0.6261727809906006
213,1024,256,2000,0,0,0,0,229,1048576,1048576,240123904,0,0,0,0,0,0,0,0,37,2097152,4194304,118226944,37,222539,7393468,116009182,37,222539,7393468,116009182,279,10,258,40582,1351593984,28671,0,0,7,2,0,780.1081081081081,1019117,260893952,64.4490234375,12247,3135383.2972972975,207192891,27.631636396705648,3135383.2972972975,145.4551971326165,0.6311888694763184
214,32,2,2000,0,0,0,0,141,1048576,1048576,147849216,0,0,0,0,0,0,0,0,27,4046848,4194304,113098752,27,587803,1198699,24292489,27,587803,1198699,24292489,4,257,258,1030,1406513152,4247551,0,0,3,7,1,1022.6666666666666,4655708,9311416,67.0677734375,449860,899721.8148148148,163096521,3.416621871171814,899721.8148148148,257.5,0.6333551406860352
215,16,1,2000,0,0,0,0,75,1048576,1048576,78643200,0,0,0,0,0,0,0,0,26,4194304,4194304,109051904,26,1319413,1908965,41872149,26,1319413,1908965,41872149,0,0,0,0,1376530432,28671,0,0,3,7,1,1024.0,2604401,2604401,65.6380859375,1610467,1610467.2692307692,173054225,0,1610467.2692307692,0,0.6302549839019775
216,256,2,2000,0,0,0,0,248,1048576,1048576,260046848,0,0,0,0,0,0,0,0,34,2088960,4194304,111149056,34,2020760,2631304,79393083,34,2020760,2631304,79393083,0,0,0,0,1539395584,28671,0,0,5,1,1,798.1176470588235,1399984,2799968,73.4041015625,1167545,2335090.6764705884,182337079,0,2335090.6764705884,0,0.6302151679992676
217,16,4,2000,0,0,0,0,93,1048576,1048576,97517568,0,0,0,0,0,0,0,0,28,4194304,4194304,117440512,28,2739068,3367063,85596955,28,2739068,3367063,85596955,0,0,0,0,1531908096,20479,0,0,4,4,1,1024.0,1372017,5488068,73.0470703125,764258,3057034.1071428573,187652102,0,3057034.1071428573,0,0.6281425952911377
218,512,32,2000,0,0,0,0,146,1048576,1048576,153092096,0,0,0,0,0,0,0,0,32,4194304,4194304,134217728,32,3443133,4067743,119888548,32,3443133,4067743,119888548,0,0,0,0,1553661952,7995391,0,0,8,3,1,1024.0,1119520,35824640,74.08437500000001,117078,3746517.125,239974983,0,3746517.125,0,0.6292111873626709
219,1,2,2000,0,0,0,0,56,1048576,1048576,58720256,0,0,0,0,0,0,0,0,43,1048576,4194304,115343360,43,4175036,4761105,189292884,43,4175036,4761105,189292884,0,0,0,0,1521651712,4095,0,0,2,9,1,654.8837209302326,609338,1218676,72.55800781250001,2201080,4402160.0930232555,138475647,0,4402160.0930232555,0,0.6293795108795166
220,16,256,2000,0,0,0,0,72,1048576,1048576,75497472,0,0,0,0,0,0,0,0,28,4194304,4194304,117440512,28,4867037,5341813,143966369,28,4867037,5341813,143966369,237,45,258,38125,1466306560,28671,0,0,7,7,1,1024.0,815749,208831744,69.9189453125,20084,5141656.035714285,228025634,31.213434438122068,5141656.035714285,160.8649789029536,0.620262861251831
221,32,32,2000,0,0,0,0,126,1048576,1048576,132120576,0,0,0,0,0,0,0,0,324,262144,4194304,155713536,324,25836,6013090,344720396,324,25836,6013090,344720396,100,26,258,4847,1448775680,237567,0,0,3,0,1,117.33333333333333,451709,14454688,69.0830078125,33248,1063951.8395061728,201720197,187.0800775619478,1063951.8395061728,48.47,0.6335270404815674
222,4,128,2000,0,0,0,0,48,1048576,1048576,50331648,0,0,0,0,0,0,0,0,97,262144,4194304,120848384,97,39708,573240,11143917,97,39708,573240,11143917,194,33,130,13476,1385058304,20479,0,0,0,4,1,304.16494845360825,10844336,1388075008,66.0447265625,897,114885.74226804124,187806362,5.437480306638169,114885.74226804124,69.4639175257732,0.635796308517456
223,8,16,2000,0,0,0,0,59,1048576,1048576,61865984,0,0,0,0,0,0,0,0,28,4194304,4194304,117440512,28,669864,1255616,26886436,28,669864,1255616,26886436,4,129,130,518,1324691456,28671,0,0,5,7,1,1024.0,4368020,69888320,63.1662109375,60014,960229.8571428572,218817851,7.241115597421401,960229.8571428572,129.5,0.6325445175170898
224,32,256,2000,0,0,0,0,99,1048576,1048576,103809024,0,0,0,0,0,0,0,0,550,131072,4194304,116785152,550,166830,1593123,164273414,550,166830,1593123,164273414,768,37,259,170799,1309933568,139263,0,0,8,2,1,51.84,710919,181995264,62.4625,1166,298678.93454545457,153817408,25.906902876346493,298678.93454545457,222.39453125,0.633948564529419
225,2,256,2000,0,0,0,0,41,1048576,1048576,42991616,0,0,0,0,0,0,0,0,1335,65536,131072,119341056,1335,86629,205193,184984214,1335,86629,205193,184984214,1342,250,265,346755,1241772032,4095,0,0,9,5,1,21.824719101123595,645141,165156096,59.212304687499994,541,138564.9543071161,186870437,24.571661504623417,138564.9543071161,258.3867362146051,0.6338450908660889
226,8,8,2000,0,0,0,0,74,1048576,1048576,77594624,0,0,0,0,0,0,0,0,710,65536,1048576,136708096,710,1621,112075,53592487,710,1621,112075,53592487,459,7,262,83244,1175810048,28671,0,0,8,2,1,47.00845070422535,2550881,20407048,56.0669921875,9435,75482.37605633803,217281863,8.853793111733516,75482.37605633803,181.359477124183,0.6325604915618896
227,8,2,2000,0,0,0,0,62,1048576,1048576,65011712,0,0,0,0,0,0,0,0,114,1048576,1048576,119537664,114,14204,57373,3113272,114,14204,57373,3113272,107,3,10,491,1120514048,28671,0,0,3,3,1,256.0,38396151,76792302,53.4302734375,13654,27309.40350877193,192902524,23.24740783667417,27309.40350877193,4.588785046728972,0.6280012130737305
228,4,2,2000,0,0,0,0,58,1048576,1048576,60817408,0,0,0,0,0,0,0,0,1265,65536,1048576,123207680,1265,690,23972,2121222,1265,690,23972,2121222,1265,2,5,4389,1057034240,28671,0,0,3,7,1,23.778656126482215,58083350,116166700,50.4033203125,838,1676.8553359683794,191271586,20.325125479923212,1676.8553359683794,3.4695652173913043,0.6292316913604736
229,512,16,2000,0,0,0,0,114,1048576,1048576,119537664,0,0,0,0,0,0,0,0,357,65536,2097152,129236992,358,701,208124,8425884,358,701,208124,8425884,370,3,18,2110,1043161088,811007,0,0,6,8,0,88.38095238095238,15338092,245409472,49.741796875,1470,23535.988826815643,206231809,46.69743656652373,23535.988826815643,5.702702702702703,0.6357741355895996
230,512,2,2000,0,0,0,0,364,1048576,1048576,381681664,0,0,0,0,0,0,0,0,85,1048576,2097152,137560064,85,11045,171412,6012449,85,11045,171412,6012449,70,3,18,411,1295069184,1036287,0,0,3,4,0,395.1058823529412,22879206,45758412,61.753710937499996,35367,70734.69411764706,221309677,30.491248149680825,70734.69411764706,5.871428571428571,0.6336960792541504
231,64,32,2000,0,0,0,0,130,1048576,1048576,136314880,0,0,0,0,0,0,0,0,375,196608,2097152,120258560,375,22130,61876,17911287,375,22130,61876,17911287,405,3,34,12822,1324617728,28671,0,0,3,8,1,78.29333333333334,6714121,214851872,63.16269531249999,1492,47763.432,182721108,19.269479874190182,47763.432,31.659259259259258,0.636847972869873
232,64,8,2000,0,0,0,0,145,1048576,1048576,152043520,0,0,0,0,0,0,0,0,439,262144,262144,115081216,439,11590,52701,9850375,439,11590,52701,9850375,415,9,34,5653,1368784896,983039,0,0,8,2,1,64.0,11682927,93463416,65.26875,2804,22438.211845102505,183029136,25.73815318115807,22438.211845102505,13.621686746987951,0.6349606513977051
233,1,64,2000,0,0,0,0,41,1048576,1048576,42991616,0,0,0,0,0,0,0,0,2306,32768,262144,117047296,2307,5347,75685,36102240,2306,5347,75685,36059110,2364,9,72,150693,1328115712,16383,0,0,5,6,1,12.392020815264527,3242106,207494784,63.3294921875,244,15637.081526452732,178870928,19.810654026037383,15648.998699609883,63.744923857868024,0.644061803817749
234,128,64,2000,0,0,0,0,244,1048576,1048576,255852544,0,0,0,0,0,0,0,0,409,131072,524288,133824512,409,35713,194809,38747083,409,35713,194809,38747083,409,56,71,26796,1437630464,589823,0,0,3,0,0,79.88264058679707,3453795,221042880,68.5515625,1480,94736.14425427873,211812542,18.10158614877065,94736.14425427873,65.5158924205379,0.6352424621582031
235,32,2,2000,0,0,0,0,168,1048576,1048576,176160768,0,0,0,0,0,0,0,0,625,131072,524288,123994112,625,1017,191958,20751905,625,1017,191958,20751905,564,3,67,4598,1509724160,176127,0,0,3,6,1,48.4352,5975071,11950142,71.9892578125,16601,33203.048,194574273,84.08663883299754,33203.048,8.152482269503546,0.6352725028991699
236,256,16,2000,0,0,0,0,214,1048576,1048576,224395264,0,0,0,0,0,0,0,0,219,131072,2097152,125698048,219,1013,164542,8329575,219,1013,164542,8329575,233,2,19,2080,1626312704,28671,0,0,7,6,0,140.12785388127853,15090571,241449136,77.54863281249999,2377,38034.58904109589,204641228,30.405128523677515,38034.58904109589,8.927038626609441,0.6309609413146973
237,128,128,2000,0,0,0,0,124,1048576,1048576,130023424,0,0,0,0,0,0,0,0,70,2097152,2097152,146800640,70,157402,512541,18535232,70,157402,512541,18535232,181,17,131,15284,1616969728,4841471,0,0,9,6,1,512.0,7920086,1013771008,77.10312499999999,2068,264789.02857142856,255617873,6.124513146334168,264789.02857142856,84.44198895027624,0.6324176788330078
238,2,1,2000,0,0,0,0,40,1048576,1048576,41943040,0,0,0,0,0,0,0,0,68,2097152,2097152,142606336,68,586805,1193214,60318794,68,586805,1193214,60318794,12,129,131,1561,1532776448,4095,0,0,4,5,1,512.0,2364210,2364210,73.0884765625,887041,887041.0882352941,207844070,13.318401989439272,887041.0882352941,130.08333333333334,0.6356716156005859
239,8,1,2000,0,0,0,0,59,1048576,1048576,61865984,0,0,0,0,0,0,0,0,56,2097152,2097152,117440512,56,1281152,1426506,75754050,56,1281152,1426506,75754050,0,0,0,0,1464860672,3022847,0,0,0,2,1,512.0,1550286,1550286,69.85,1352750,1352750.892857143,173376887,0,1352750.892857143,0,0.6289875507354736
240,64,16,2000,0,0,0,0,101,1048576,1048576,105906176,0,0,0,0,0,0,0,0,244,262144,2097152,119013376,245,13602,1444720,17998971,244,13602,1444720,17971043,255,2,18,4252,1451749376,315391,0,0,7,6,1,119.08196721311475,6612232,105795712,69.2248046875,4603,73651.8155737705,193970239,36.99836367268643,73465.18775510204,16.67450980392157,0.6311674118041992
241,256,4,2000,0,0,0,0,114,1048576,1048576,119537664,0,0,0,0,0,0,0,0,182,262144,1048576,120061952,182,17647,48141,5122564,182,17647,48141,5122564,169,5,18,1853,1458655232,1142783,0,0,5,2,0,161.05494505494505,23437862,93751448,69.55410156250001,7036,28145.956043956045,188042263,15.938712111482149,28145.956043956045,10.964497041420119,0.6378674507141113
242,16,16,2000,0,0,0,0,133,1048576,1048576,139460608,0,0,0,0,0,0,0,0,580,65536,1048576,159514624,580,2798,31276,10046113,580,2798,31276,10046113,592,5,19,9841,1450049536,28340223,0,0,7,0,1,67.1448275862069,15878243,254051888,69.14375,1082,17320.88448275862,248237780,15.518151133841556,17320.88448275862,16.62331081081081,0.6370561122894287
243,64,1,2000,0,0,0,0,138,1048576,1048576,144703488,0,0,0,0,0,0,0,0,349,65536,524288,144310272,349,3038,43241,3335358,349,3038,43241,3335358,333,2,20,2596,1540612096,86015,0,0,2,8,0,100.9512893982808,43266801,43266801,73.462109375,9556,9556.899713467048,225416085,12.143523113005545,9556.899713467048,7.7957957957957955,0.6353232860565186
244,256,64,2000,0,0,0,0,131,1048576,1048576,137363456,0,0,0,0,0,0,0,0,161,524288,1048576,144703488,161,3004,333746,25162725,161,3004,333746,25162725,225,2,67,9753,1541943296,28671,0,0,6,5,0,219.42857142857142,5750708,368045312,73.52558593750001,2442,156290.21739130435,235605905,16.431715748206237,156290.21739130435,43.346666666666664,0.6335544586181641
245,1024,64,2000,0,0,0,0,148,1048576,1048576,155189248,0,0,0,0,0,0,0,0,93,1048576,4194304,135266304,93,296126,514951,30273385,93,296126,514951,30273385,98,61,67,6382,1562378240,9969663,0,0,6,1,0,355.0967741935484,4468159,285962176,74.5,5086,325520.2688172043,219346281,14.07669122132803,325520.2688172043,65.12244897959184,0.6318798065185547
246,32,16,2000,0,0,0,0,113,1048576,1048576,118489088,0,0,0,0,0,0,0,0,34,4194304,4194304,142606336,34,578287,1044116,27576694,34,578287,1044116,27576694,5,65,66,328,1560645632,28671,0,0,7,9,1,1024.0,5171262,82740192,74.4173828125,50692,811079.2352941176,258005250,12.07423118470902,811079.2352941176,65.6,0.6326987743377686
247,128,2,2000,0,0,0,0,131,1048576,1048576,137363456,0,0,0,0,0,0,0,0,54,524288,4194304,145752064,54,3465,1309271,40073049,54,3465,1309271,40073049,24,2,4,77,1552584704,28671,0,0,3,5,1,658.9629629629629,3637159,7274318,74.03300781249999,371046,742093.5,195743672,351.00890813323366,742093.5,3.2083333333333335,0.6359810829162598
248,256,256,2000,0,0,0,0,206,1048576,1048576,216006656,0,0,0,0,0,0,0,0,154,524288,1048576,136839168,154,4870,495926,26936332,154,4870,495926,26936332,408,3,262,59928,1642926080,28671,0,0,8,7,0,216.93506493506493,5080096,1300504576,78.3408203125,683,174911.24675324676,216582627,5.489317592988982,174911.24675324676,146.88235294117646,0.6272449493408203
249,256,128,2000,0,0,0,0,197,1048576,1048576,206569472,0,0,0,0,0,0,0,0,153,1048576,1048576,160432128,153,573349,1200032,131565582,153,573349,1200032,131565582,30,254,258,7700,1722970112,28671,0,0,5,7,1,256.0,1219408,156084224,82.1576171875,6718,859905.7647058824,251788829,13.08703984434683,859905.7647058824,256.6666666666667,0.6297597885131836
250,4,2,2000,0,0,0,0,73,1048576,1048576,76546048,0,0,0,0,0,0,0,0,159,1048576,1048576,166723584,159,5491,1175652,153809067,159,5491,1175652,153809067,32,3,130,3357,1641713664,12287,0,0,2,6,1,256.0,1083964,2167928,78.2830078125,483676,967352.6226415094,259086697,36.019981480544736,967352.6226415094,104.90625,0.6313633918762207
251,1,1,2000,0,0,0,0,22,1048576,1048576,23068672,0,0,0,0,0,0,0,0,1596,65536,1048576,105578496,1596,670,13307,1412962,1596,670,13307,1412962,1595,1,4,4359,1553776640,20479,0,0,2,4,1,16.150375939849624,74721398,74721398,74.08984375,885,885.3145363408521,163262620,20.05805313506919,885.3145363408521,2.7329153605015675,0.6346440315246582
252,8,128,2000,0,0,0,0,96,1048576,1048576,100663296,0,0,0,0,0,0,0,0,2061,65536,262144,143917056,2061,672,74471,64864494,2061,672,74471,64864494,2188,2,135,241032,1503334400,4095,0,0,9,9,1,17.048034934497817,2218733,283997824,71.6845703125,245,31472.340611353713,226217563,16.75819846415876,31472.340611353713,110.16087751371116,0.6383819580078125
253,2,16,2000,0,0,0,0,40,1048576,1048576,41943040,0,0,0,0,0,0,0,0,506,262144,1048576,147324928,506,15450,172631,42434571,506,15450,172631,42434571,393,17,134,18729,1399173120,12287,0,0,7,3,1,71.08300395256917,3471813,55549008,66.7177734375,5241,83862.78853754941,234542568,24.756057749982467,83862.78853754941,47.656488549618324,0.6341474056243896
254,2,256,2000,0,0,0,0,33,1048576,1048576,34603008,0,0,0,0,0,0,0,0,124,1048576,4194304,139460608,124,79734,486753,25652018,124,79734,486753,25652018,365,17,261,56573,1280307200,761855,0,0,8,5,1,274.5806451612903,5436633,1391778048,61.0498046875,808,206871.11290322582,231548431,4.860865280199222,206871.11290322582,154.9945205479452,0.6323513984680176
255,128,2,2000,0,0,0,0,122,1048576,1048576,127926272,0,0,0,0,0,0,0,0,83,131072,4194304,157155328,101,578414,1235370,103985386,101,578414,1235370,103985386,7,257,258,1802,1241645056,4112383,0,0,1,4,0,462.26506024096386,1511321,3022642,59.206250000000004,514779,1029558.2772277228,235775348,8.651733210396307,1029558.2772277228,257.42857142857144,0.6364164352416992
256,16,128,2000,0,0,0,0,126,1048576,1048576,132120576,0,0,0,0,0,0,0,0,758,131072,4194304,171835392,758,1255,1284672,71356766,758,1255,1284672,71356766,868,2,134,94864,1227812864,28671,0,0,0,0,1,55.34564643799472,2408116,308238848,58.5466796875,735,94138.21372031662,267581024,15.563267462246163,94138.21372031662,109.29032258064517,0.6351046562194824
257,16,16,2000,0,0,0,0,110,1048576,1048576,115343360,0,0,0,0,0,0,0,0,241,524288,1048576,164626432,241,55246,362554,57700406,241,55246,362554,57700406,128,16,132,8632,1182793728,933887,0,0,7,1,1,166.77178423236515,2853124,45649984,56.39999999999999,14963,239420.77178423238,266013474,21.288143509855196,239420.77178423238,67.4375,0.6368403434753418
258,8,256,2000,0,0,0,0,83,1048576,1048576,87031808,0,0,0,0,0,0,0,0,150,1048576,1048576,157286400,150,70062,505477,33959410,150,70062,505477,33959410,389,17,260,62729,1118015488,20479,0,0,7,7,1,256.0,4631599,1185689344,53.31113281249999,884,226396.06666666668,251640594,5.4841604071017125,226396.06666666668,161.25706940874036,0.6352105140686035
259,64,32,2000,0,0,0,0,125,1048576,1048576,131072000,0,0,0,0,0,0,0,0,149,1048576,1048576,156237824,149,581926,1098751,130854138,149,581926,1098751,130854138,25,256,258,6432,1092096000,12287,0,0,3,7,0,256.0,1193984,38207488,52.0751953125,27444,878215.6912751677,240934221,13.333838790592445,878215.6912751677,257.28,0.6310582160949707
260,1024,8,2000,0,0,0,0,264,1048576,1048576,276824064,0,0,0,0,0,0,0,0,150,32768,4194304,160546816,150,26455,1469030,138944450,150,26455,1469030,138944450,39,3,10,348,1212039168,44310527,0,0,0,6,0,261.3066666666667,1155474,9243792,57.794531250000006,115787,926296.3333333334,248443348,397.26912888718414,926296.3333333334,8.923076923076923,0.6335492134094238
261,512,8,2000,0,0,0,0,336,1048576,1048576,352321536,0,0,0,0,0,0,0,0,58,2097152,4194304,150994944,58,63173,176418,5774313,58,63173,176418,5774313,56,9,10,527,1505853440,9183231,0,0,8,0,1,635.5862068965517,26149421,209195368,71.8046875,12444,99557.12068965517,278952736,16.644673317915874,99557.12068965517,9.410714285714286,0.6159532070159912
262,128,128,2000,0,0,0,0,277,1048576,1048576,290455552,0,0,0,0,0,0,0,0,292,524288,2097152,188841984,292,42223,265692,53754403,292,42223,265692,53754403,409,9,131,43238,1667272704,3284991,0,0,0,4,1,157.8904109589041,3513051,449670528,79.50175781249999,1438,184090.42123287672,277226262,11.028924079757994,184090.42123287672,105.71638141809291,0.6060576438903809
263,512,64,2000,0,0,0,0,211,1048576,1048576,221249536,0,0,0,0,0,0,0,0,225,524288,2097152,179306496,225,145130,350395,56230666,225,145130,350395,56230666,162,60,131,14420,1717567488,7913471,0,0,6,5,0,194.56,3188767,204081088,81.89999999999999,3904,249914.07111111112,288314325,14.430683637948027,249914.07111111112,89.01234567901234,0.6384975910186768
264,512,1,2000,0,0,0,0,228,1048576,1048576,239075328,0,0,0,0,0,0,0,0,81,2097152,2097152,169869312,81,13580,566209,41636184,81,13580,566209,41636184,18,2,66,924,1814491136,28671,0,0,3,4,1,512.0,4079848,4079848,86.5216796875,514026,514026.962962963,268662899,19.557641143578643,514026.962962963,51.333333333333336,0.6378970146179199
265,256,1,2000,0,0,0,0,161,1048576,1048576,168820736,0,0,0,0,0,0,0,0,137,1048576,2097152,158334976,137,5571,30473,1341452,137,5571,30473,1341452,137,2,3,325,1853390848,716799,0,0,2,3,1,282.16058394160586,118032531,118032531,88.3765625,9791,9791.620437956204,247366839,14.62835296739684,9791.620437956204,2.372262773722628,0.6239922046661377
266,16,16,2000,0,0,0,0,113,1048576,1048576,118489088,0,0,0,0,0,0,0,0,43,1048576,4194304,161480704,43,6399,323399,7123355,43,6399,323399,7123355,59,2,19,775,1818324992,28671,0,0,8,5,1,916.8372093023256,22669192,362707072,86.70449218750001,10353,165659.41860465117,296880208,13.75543127487432,165659.41860465117,13.135593220338983,0.6373350620269775
267,8,2,2000,0,0,0,0,85,1048576,1048576,89128960,0,0,0,0,0,0,0,0,39,4194304,4194304,163577856,39,43560,304047,7878180,39,43560,304047,7878180,24,3,18,169,1748209664,4095,0,0,3,7,1,1024.0,20763406,41526812,83.3611328125,101002,202004.61538461538,230525941,28.01469333181611,202004.61538461538,7.041666666666667,0.6338455677032471
268,1,32,2000,0,0,0,0,32,1048576,1048576,33554432,0,0,0,0,0,0,0,0,72,2097152,4194304,180355072,72,30366,389350,13855881,72,30366,389350,13855881,103,3,34,2793,1599000576,12287,0,0,4,3,1,611.5555555555555,13016499,416527968,76.2462890625,6013,192442.79166666666,281941691,11.604649333245384,192442.79166666666,27.116504854368934,0.6305980682373047
269,1024,4,2000,0,0,0,0,137,1048576,1048576,143654912,0,0,0,0,0,0,0,0,62,2097152,4194304,163577856,62,46732,294598,14421198,62,46732,294598,14421198,34,5,34,524,1563889664,28671,0,0,6,5,0,644.1290322580645,11342875,45371500,74.5720703125,58149,232599.96774193548,265842444,23.430653740641514,232599.96774193548,15.411764705882353,0.6371753215789795
270,1024,256,2000,0,0,0,0,155,1048576,1048576,162529280,0,0,0,0,0,0,0,0,40,4194304,4194304,167772160,40,77415,510565,9439713,40,77415,510565,9439713,292,5,260,40978,1565523968,1810431,0,0,7,4,1,1024.0,17773014,4549891584,74.65,921,235992.825,284950126,1.642218483183812,235992.825,140.33561643835617,0.6362593173980713
271,512,8,2000,0,0,0,0,153,1048576,1048576,160432128,0,0,0,0,0,0,0,0,39,4194304,4194304,163577856,39,593065,1204874,34955041,39,593065,1204874,34955041,8,257,258,2060,1573425152,28671,0,0,6,7,1,1024.0,4679664,37437312,75.0267578125,112035,896283.1025641026,249903111,3.399131912030122,896283.1025641026,257.5,0.6377813816070557
272,64,128,2000,0,0,0,0,132,1048576,1048576,138412032,0,0,0,0,0,0,0,0,38,4194304,4194304,159383552,38,1301320,1911751,61205154,38,1301320,1911751,61205154,0,0,0,0,1563029504,28671,0,0,3,1,1,1024.0,2604087,333323136,74.5310546875,12583,1610661.9473684211,232435584,0,1610661.9473684211,0,0.6315755844116211
273,1024,256,2000,0,0,0,0,151,1048576,1048576,158334976,0,0,0,0,0,0,0,0,38,4194304,4194304,159383552,38,2021884,2586147,87314630,38,2021884,2586147,87314630,118,172,258,26548,1561653248,28671,0,0,8,5,0,1024.0,1825393,467300608,74.46542968749999,8975,2297753.4210526315,287239540,9.97363942214524,2297753.4210526315,224.98305084745763,0.6278908252716064
274,1024,256,2000,0,0,0,0,162,1048576,1048576,169869312,0,0,0,0,0,0,0,0,43,4194304,4194304,180355072,43,2674232,3361286,130836441,43,2674232,3361286,130836441,42,257,258,10816,1564258304,28671,0,0,7,2,1,1024.0,1378477,352890112,74.5896484375,11885,3042707.930232558,277050090,11.538329091248592,3042707.930232558,257.5238095238095,0.6358444690704346
275,32,4,2000,0,0,0,0,235,1048576,1048576,246415360,0,0,0,0,0,0,0,0,52,1048576,4194304,171966464,52,1581564,4039472,148548000,52,1581564,4039472,148548000,6,257,258,1545,1654394880,12287,0,0,2,6,1,807.3846153846154,1157649,4630596,78.8876953125,714173,2856692.3076923075,233949103,13.740602060146815,2856692.3076923075,257.5,0.6378328800201416
276,4,256,2000,0,0,0,0,107,1048576,1048576,112197632,0,0,0,0,0,0,0,0,49,1048576,4194304,171966464,49,2071174,4809569,146311497,49,2071174,4809569,146311497,99,197,258,23634,1621098496,622591,0,0,8,8,1,856.8163265306123,1175344,300888064,77.3,11663,2985948.9183673467,304342981,14.597974608322843,2985948.9183673467,238.72727272727272,0.6355609893798828
277,4,16,2000,0,0,0,0,70,1048576,1048576,73400320,0,0,0,0,0,0,0,0,42,1048576,4194304,169869312,42,2375810,5592887,136305652,42,2375810,5592887,136305652,7,257,258,1802,1520586752,4095,0,0,3,6,1,987.4285714285714,1246238,19939808,72.50722656250001,202835,3245372.6666666665,240900054,12.767390388851206,3245372.6666666665,257.42857142857144,0.6389648914337158
278,64,128,2000,0,0,0,0,138,1048576,1048576,144703488,0,0,0,0,0,0,0,0,50,262144,4194304,159645696,51,1715804,6008848,159742678,51,1715804,6008848,159742678,0,0,0,0,1492910080,4112383,0,0,9,9,1,779.52,999392,127922176,71.1875,24470,3132209.3725490198,278047618,0,3132209.3725490198,0,0.6338784694671631
279,1,256,2000,0,0,0,0,39,1048576,1048576,40894464,0,0,0,0,0,0,0,0,154,262144,4194304,162267136,154,496972,6902208,387411306,154,496972,6902208,387411306,249,157,264,59169,1385918464,20479,0,0,9,7,1,257.24675324675326,418849,107225344,66.0857421875,9826,2515657.8311688313,225604314,41.15350082231392,2515657.8311688313,237.6265060240964,0.6339154243469238
280,128,2,2000,0,0,0,0,140,1048576,1048576,146800640,0,0,0,0,0,0,0,0,142,262144,4194304,172752896,142,712371,7706413,285092617,142,712371,7706413,285092617,11,257,258,2837,1338662912,4055039,0,0,6,9,0,297.01408450704224,605953,1211906,63.832421875,1003847,2007694.485915493,269186438,26.20921004677246,2007694.485915493,257.90909090909093,0.6336469650268555
281,4,1,2000,0,0,0,0,69,1048576,1048576,72351744,0,0,0,0,0,0,0,0,298,262144,4194304,165412864,290,1482,1029131,33109879,290,1482,1029131,33109879,254,2,4,684,1260765184,1032191,0,0,2,4,1,135.51677852348993,4995876,4995876,60.117968749999996,114171,114171.99655172414,249719342,312.8557501129907,114171.99655172414,2.6929133858267718,0.6376101970672607
282,128,128,2000,0,0,0,0,134,1048576,1048576,140509184,0,0,0,0,0,0,0,0,39,4194304,4194304,163577856,40,26985,513742,8937146,40,26985,513742,8937146,167,2,130,12500,1227436032,3178495,0,0,9,6,1,1024.0,18303142,2342802176,58.528710937499994,1745,223428.65,316599675,2.91504566796875,223428.65,74.8502994011976,0.6323962211608887
283,128,32,2000,0,0,0,0,154,1048576,1048576,161480704,0,0,0,0,0,0,0,0,142,524288,4194304,169869312,142,587770,1216801,123119173,142,587770,1216801,123119173,45,26,130,2879,1230503936,4071423,0,0,3,4,1,292.056338028169,1379714,44150848,58.675,27094,867036.4295774648,213906363,46.4025191551127,867036.4295774648,63.977777777777774,0.6344335079193115
284,128,32,2000,0,0,0,0,167,1048576,1048576,175112192,0,0,0,0,0,0,0,0,309,524288,524288,162004992,309,62471,75422,21811454,309,62471,75422,21811454,314,31,34,10498,1258237952,28671,0,0,3,8,1,128.0,7427519,237680608,59.9974609375,2205,70587.22977346278,251876392,16.494503528103056,70587.22977346278,33.43312101910828,0.6351888179779053
285,512,32,2000,0,0,0,0,295,1048576,1048576,309329920,0,0,0,0,0,0,0,0,135,524288,2097152,155713536,135,68000,304059,18191291,135,68000,304059,18191291,134,33,35,4489,1420296192,3342335,0,0,3,6,0,281.6,8559784,273913088,67.72500000000001,4210,134750.3037037037,247418173,14.284080701291522,134750.3037037037,33.5,0.6369822025299072
286,2,1,2000,0,0,0,0,83,1048576,1048576,87031808,0,0,0,0,0,0,0,0,371,262144,2097152,176160768,371,1532,317959,12820691,371,1532,317959,12820691,339,2,34,1225,1378775040,12287,0,0,2,9,1,115.9245283018868,13740348,13740348,65.7451171875,34557,34557.11859838275,273739798,82.49465213875729,34557.11859838275,3.6135693215339235,0.634361982345581
287,512,2,2000,0,0,0,0,316,1048576,1048576,331350016,0,0,0,0,0,0,0,0,178,262144,2097152,163315712,177,1564,32224,1847956,177,1564,32224,1847956,178,2,4,525,1535307776,28671,0,0,3,5,0,224.0,88376407,176752814,73.2091796875,5220,10440.429378531073,260001524,15.802690726007915,10440.429378531073,2.949438202247191,0.6350677013397217
288,16,4,2000,0,0,0,0,203,1048576,1048576,212860928,0,0,0,0,0,0,0,0,1277,65536,2097152,181403648,1277,666,32786,3114457,1277,666,32786,3114457,1279,3,10,6793,1577582592,442367,0,0,6,5,1,34.68128425998434,58245674,232982696,75.225,609,2438.8856695379795,282188996,13.240524845232342,2438.8856695379795,5.311180609851446,0.636110782623291
289,8,64,2000,0,0,0,0,91,1048576,1048576,95420416,0,0,0,0,0,0,0,0,318,524288,524288,166723584,318,7464,158699,32326915,318,7464,158699,32326915,379,5,69,19764,1509949440,565247,0,0,6,4,1,128.0,5157423,330075072,72.0,1588,101656.96540880503,265922867,15.229706588500994,101656.96540880503,52.147757255936675,0.6355865001678467
290,128,8,2000,0,0,0,0,142,1048576,1048576,148897792,0,0,0,0,0,0,0,0,310,524288,524288,162529280,309,16710,145984,19976680,309,16710,145984,19976680,255,9,67,5377,1492041728,253951,0,0,9,8,1,128.0,8135950,65087600,71.14609374999999,8081,64649.449838187706,258551475,23.952729375025957,64649.449838187706,21.08627450980392,0.6346981525421143
291,512,1,2000,0,0,0,0,151,1048576,1048576,158334976,0,0,0,0,0,0,0,0,121,524288,2097152,162529280,121,13043,40681,2243877,121,13043,40681,2243877,115,2,10,638,1495965696,1650687,0,0,3,5,0,327.93388429752065,72432348,72432348,71.333203125,18544,18544.438016528926,254224957,10.193059167698959,18544.438016528926,5.547826086956522,0.6366028785705566
292,1,16,2000,0,0,0,0,34,1048576,1048576,35651584,0,0,0,0,0,0,0,0,83,2097152,2097152,174063616,83,13546,159817,8338442,83,13546,159817,8338442,98,2,18,1418,1368166400,28671,0,0,8,7,1,512.0,20874836,333997376,65.2392578125,6278,100463.15662650602,293277658,13.560843492977552,100463.15662650602,14.46938775510204,0.6369771957397461
293,16,8,2000,0,0,0,0,96,1048576,1048576,100663296,0,0,0,0,0,0,0,0,76,2097152,2097152,159383552,76,72479,160699,8346843,76,72479,160699,8346843,66,9,18,725,1298137088,679935,0,0,8,2,1,512.0,19095070,152760560,61.9,13728,109826.88157894737,250477373,19.527408901429222,109826.88157894737,10.984848484848484,0.6363191604614258
294,64,16,2000,0,0,0,0,293,1048576,1048576,307232768,0,0,0,0,0,0,0,0,516,65536,2097152,163577856,516,1165,172042,9660446,516,1165,172042,9660446,524,8,21,6683,1447841792,28671,0,0,7,6,0,77.3953488372093,16932743,270923888,69.0384765625,1170,18721.794573643412,233830912,18.966729019910836,18721.794573643412,12.75381679389313,0.6372969150543213
295,128,256,2000,0,0,0,0,133,1048576,1048576,139460608,0,0,0,0,0,0,0,0,74,2097152,2097152,155189248,74,141601,493491,18733088,74,141601,493491,18733088,315,17,258,47412,1440346112,28671,0,0,8,1,1,512.0,8284232,2120763392,68.6810546875,988,253149.83783783784,268147208,3.2849591298302863,253149.83783783784,150.5142857142857,0.6330380439758301
296,4,1,2000,0,0,0,0,74,1048576,1048576,77594624,0,0,0,0,0,0,0,0,172,524288,2097152,156237824,172,583633,1204582,169973347,172,583633,1204582,169973347,12,256,258,3087,1367674880,4095,0,0,7,9,1,221.7674418604651,919190,919190,65.2158203125,988217,988217.1337209302,228912736,17.322046861649742,988217.1337209302,257.25,0.637007474899292
297,128,2,2000,0,0,0,0,185,1048576,1048576,193986560,0,0,0,0,0,0,0,0,304,524288,524288,159383552,304,4362,1181803,61956067,304,4362,1181803,61956067,244,3,4,838,1396822016,475135,0,0,4,9,1,128.0,2572525,5145050,66.6056640625,101901,203802.8519736842,244206959,463.6028479413312,203802.8519736842,3.4344262295081966,0.6352078914642334
298,1,256,2000,0,0,0,0,47,1048576,1048576,49283072,0,0,0,0,0,0,0,0,1814,32768,524288,177209344,1814,618,380155,78439667,1814,618,380155,78439667,2069,3,264,473656,1299378176,4095,0,0,7,1,1,23.85005512679162,2259180,578350080,61.9591796875,168,43241.27177508269,277237704,7.91965966679128,43241.27177508269,228.92991783470276,0.6340985298156738
299,256,32,2000,0,0,0,0,137,1048576,1048576,143654912,0,0,0,0,0,0,0,0,170,524288,2097152,164626432,170,451227,840764,98142843,170,451227,840764,98142843,43,256,259,11068,1265266688,28671,0,0,1,9,0,236.42352941176472,1677416,53677312,60.332617187500006,18040,577310.8411764706,259859537,9.486768914432982,577310.8411764706,257.3953488372093,0.6346158981323242
300,32,128,2000,0,0,0,0,289,1048576,1048576,303038464,0,0,0,0,0,0,0,0,915,4096,2097152,173211648,915,6085,1214968,176964039,915,6085,1214968,176964039,921,102,134,115422,1405644800,28671,0,0,0,5,1,46.21639344262295,978795,125285760,67.0263671875,1510,193403.32131147542,270696326,33.391729303740775,193403.32131147542,125.32247557003258,0.6362969875335693
301,512,4,2000,0,0,0,0,175,1048576,1048576,183500800,0,0,0,0,0,0,0,0,401,131072,2097152,164429824,401,31345,145163,25814099,401,31345,145163,25814099,277,5,133,28812,1437597696,1523711,0,0,6,1,0,100.10972568578553,6369768,25479072,68.55,16093,64374.31172069826,261849120,6.182194868119363,64374.31172069826,104.014440433213,0.6373522281646729
302,1024,32,2000,0,0,0,0,158,1048576,1048576,165675008,0,0,0,0,0,0,0,0,48,2097152,4194304,163577856,48,37392,501134,8799344,48,37392,501134,8799344,77,5,34,1723,1454374912,229375,0,0,4,0,0,832.0,18589778,594872896,69.35,5728,183319.66666666666,276978661,9.846710744155244,183319.66666666666,22.376623376623378,0.6309115886688232
303,128,16,2000,0,0,0,0,147,1048576,1048576,154140672,0,0,0,0,0,0,0,0,39,4194304,4194304,163577856,39,556722,598664,22290905,39,556722,598664,22290905,22,17,34,473,1455947776,4399103,0,0,7,3,1,1024.0,7338322,117413152,69.425,35722,571561.6666666666,282851507,25.96119488856589,571561.6666666666,21.5,0.6339244842529297
304,512,1,2000,0,0,0,0,258,1048576,1048576,270532608,0,0,0,0,0,0,0,0,133,524288,2097152,175112192,133,9658,60502,3557587,133,9658,60502,3557587,119,2,18,1094,1587679232,28671,0,0,2,3,0,321.4436090225564,49222181,49222181,75.70644531250001,26748,26748.774436090225,233765634,9.05167041801908,26748.774436090225,9.193277310924369,0.6347610950469971
305,512,2,2000,0,0,0,0,230,1048576,1048576,241172480,0,0,0,0,0,0,0,0,91,1048576,2097152,165666816,91,8350,33458,1903545,91,8350,33458,1903545,91,2,4,292,1668816896,86720511,0,0,3,2,0,444.46153846153845,87030680,174061360,79.575390625,10459,20918.076923076922,264994990,14.667162761916954,20918.076923076922,3.208791208791209,0.6358425617218018
306,1024,1,2000,0,0,0,0,179,1048576,1048576,187695104,0,0,0,0,0,0,0,0,43,2097152,4194304,157286400,43,21696,47284,1464533,43,21696,47284,1464533,41,2,4,111,1799356416,540671,0,0,2,2,0,893.0232558139535,107396965,107396965,85.8,34058,34058.90697674418,261318254,14.087334131006005,34058.90697674418,2.707317073170732,0.6089911460876465
307,256,128,2000,0,0,0,0,170,1048576,1048576,178257920,0,0,0,0,0,0,0,0,130,1048576,4194304,161480704,130,20362,486409,30930728,130,20362,486409,30930728,258,2,131,24025,1823211520,5775359,0,0,0,5,1,303.26153846153846,5220721,668252288,86.9375,1858,237928.6769230769,242283934,8.425307596929605,237928.6769230769,93.12015503875969,0.6362991333007812
308,256,64,2000,0,0,0,0,159,1048576,1048576,166723584,0,0,0,0,0,0,0,0,144,1048576,1048576,150994944,144,415428,689191,80238294,144,415428,689191,80238294,81,61,130,6849,1854033920,28671,0,0,6,1,1,256.0,1881831,120437184,88.4072265625,8706,557210.375,251257790,25.74169151917707,557210.375,84.55555555555556,0.6259961128234863
309,2,16,2000,0,0,0,0,44,1048576,1048576,46137344,0,0,0,0,0,0,0,0,69,2097152,2097152,144703488,69,342348,636476,34732020,69,342348,636476,34732020,21,17,66,895,1760948224,20479,0,0,8,3,1,512.0,4166284,66660544,83.9685546875,31460,503362.60869565216,244510121,23.06785698020403,503362.60869565216,42.61904761904762,0.6346945762634277
310,2,4,2000,0,0,0,0,33,1048576,1048576,34603008,0,0,0,0,0,0,0,0,43,2097152,4194304,144703488,43,85471,276232,6797971,43,85471,276232,6797971,32,5,18,323,1638584320,20479,0,0,5,5,1,821.5813953488372,21286276,85145104,78.1337890625,39523,158092.3488372093,228164316,19.063722685870687,158092.3488372093,10.09375,0.6344211101531982
311,64,1,2000,0,0,0,0,116,1048576,1048576,121634816,0,0,0,0,0,0,0,0,179,524288,4194304,148897792,179,2936,107495,1993785,179,2936,107495,1993785,176,2,6,458,1594191872,28671,0,0,2,4,1,203.08379888268158,74680967,74680967,76.0169921875,11138,11138.463687150837,211237169,21.076437473091822,11138.463687150837,2.602272727272727,0.6331057548522949
312,1024,1,2000,0,0,0,0,131,1048576,1048576,137363456,0,0,0,0,0,0,0,0,71,524288,4194304,142082048,71,3160,61012,1426471,71,3160,61012,1426471,72,2,3,183,1597190144,28671,0,0,3,7,0,488.5633802816901,99603881,99603881,76.1599609375,20091,20091.140845070422,231201322,16.179499879015186,20091.140845070422,2.5416666666666665,0.6333088874816895
313,512,64,2000,0,0,0,0,134,1048576,1048576,140509184,0,0,0,0,0,0,0,0,64,2097152,4194304,148897792,64,23779,514044,15381303,64,23779,514044,15381303,125,2,66,5827,1594978304,2375679,0,0,5,8,1,568.0,9680440,619548160,76.0544921875,3755,240332.859375,246255376,9.076738272138623,240332.859375,46.616,0.6275069713592529
314,16,128,2000,0,0,0,0,98,1048576,1048576,102760448,0,0,0,0,0,0,0,0,69,2097152,2097152,144703488,69,597255,647247,43091072,69,597255,647247,43091072,134,64,131,14555,1564307456,28671,0,0,1,9,1,512.0,3358085,429834880,74.5919921875,4878,624508.2898550725,212735037,11.229510751323067,624508.2898550725,108.61940298507463,0.6353819370269775
315,1024,8,2000,0,0,0,0,133,1048576,1048576,139460608,0,0,0,0,0,0,0,0,71,2097152,2097152,148897792,72,633730,1246504,67429132,72,633730,1246504,67429132,13,129,131,1689,1552654336,2797567,0,0,1,4,0,512.0,2208211,17665688,74.036328125,117064,936515.7222222222,234133346,14.07857875047283,936515.7222222222,129.92307692307693,0.6359529495239258
316,256,1,2000,0,0,0,0,128,1048576,1048576,134217728,0,0,0,0,0,0,0,0,68,2097152,4194304,144703488,68,16453,1260093,79046595,68,16453,1260093,79046595,6,2,3,15,1554329600,28671,0,0,2,7,1,519.5294117647059,1830610,1830610,74.1162109375,1162449,1162449.9264705882,232611748,895.0022078804348,1162449.9264705882,2.5,0.6313624382019043
317,4,2,2000,0,0,0,0,62,1048576,1048576,65011712,0,0,0,0,0,0,0,0,35,4194304,4194304,146800640,35,33291,79026,2021961,35,33291,79026,2021961,37,2,4,124,1474297856,4218879,0,0,4,1,1,1024.0,72603101,145206202,70.3,28885,57770.31428571429,252115262,16.833902694772465,57770.31428571429,3.3513513513513513,0.6319406032562256
318,256,256,2000,0,0,0,0,123,1048576,1048576,128974848,0,0,0,0,0,0,0,0,142,1048576,1048576,148897792,142,7438,500174,29674145,142,7438,500174,29674145,398,3,258,60480,1445986304,1253375,0,0,8,0,1,256.0,5017761,1284546816,68.95,816,208972.85211267605,220608767,5.371816815789121,208972.85211267605,151.95979899497488,0.6369156837463379
319,2,8,2000,0,0,0,0,43,1048576,1048576,45088768,0,0,0,0,0,0,0,0,139,1048576,1048576,145752064,139,590374,1195744,124703083,139,590374,1195744,124703083,20,255,258,5140,1353641984,4095,0,0,8,1,1,256.0,1168792,9350336,64.5466796875,112143,897144.4820143885,230104912,13.63607250143465,897144.4820143885,257.0,0.633415699005127
320,64,128,2000,0,0,0,0,320,1048576,1048576,335544320,0,0,0,0,0,0,0,0,177,262144,1048576,143917056,174,418569,1418079,173934088,174,418569,1418079,173934088,183,100,131,23068,1529348096,4145151,0,0,7,0,1,198.5084745762712,827422,105910016,72.925,7809,999621.1954022988,226291124,39.94823086143117,999621.1954022988,126.05464480874316,0.6240637302398682
321,8,32,2000,0,0,0,0,86,1048576,1048576,90177536,0,0,0,0,0,0,0,0,548,262144,786432,144179200,548,11468,204238,47584498,548,11468,204238,47584498,456,26,131,24454,1505267712,12287,0,0,8,5,1,64.23357664233576,3029961,96958752,71.77675781250001,2713,86833.02554744526,222168986,25.207963616288843,86833.02554744526,53.62719298245614,0.632817268371582
322,4,32,2000,0,0,0,0,55,1048576,1048576,57671680,0,0,0,0,0,0,0,0,38,2097152,4194304,148897792,38,129271,684653,16407538,38,129271,684653,16407538,38,33,35,1278,1413509120,28671,0,0,4,6,1,956.6315789473684,9074962,290398784,67.4013671875,13493,431777.3157894737,256197897,13.420473902196436,431777.3157894737,33.63157894736842,0.6341443061828613
323,1024,8,2000,0,0,0,0,122,1048576,1048576,127926272,0,0,0,0,0,0,0,0,57,2097152,4194304,146800640,56,75207,540780,18682728,56,75207,540780,18682728,31,8,34,557,1390411776,1327103,0,0,9,0,0,628.7719298245614,7857559,62860472,66.3,41702,333620.14285714284,242705606,29.530147575328378,333620.14285714284,17.967741935483872,0.6357753276824951
324,128,256,2000,0,0,0,0,165,1048576,1048576,173015040,0,0,0,0,0,0,0,0,108,524288,4194304,153092096,108,163701,513521,28730683,108,163701,513521,28730683,357,9,258,59036,1428893696,28671,0,0,8,3,1,346.0740740740741,5328522,1364101632,68.1349609375,1039,266024.8425925926,221718248,4.648409941338759,266024.8425925926,165.36694677871148,0.6370842456817627
325,8,16,2000,0,0,0,0,83,1048576,1048576,87031808,0,0,0,0,0,0,0,0,73,1048576,4194304,152043520,73,609385,1213341,73056200,73,609385,1213341,73056200,6,257,258,1545,1373278208,4095,0,0,0,8,1,508.4931506849315,2081185,33298960,65.4830078125,62548,1000769.8630136986,221320176,7.643141111483093,1000769.8630136986,257.5,0.6357457637786865
326,32,16,2000,0,0,0,0,186,1048576,1048576,195035136,0,0,0,0,0,0,0,0,267,131072,1048576,147456000,267,7997,1630691,263190521,267,7997,1630691,263190521,110,15,18,1902,1415057408,4095,0,0,7,1,1,134.8314606741573,560263,8964208,67.4751953125,61608,985732.2883895132,238354542,422.8145418565253,985732.2883895132,17.29090909090909,0.6348605155944824
327,256,1,2000,0,0,0,0,165,1048576,1048576,173015040,0,0,0,0,0,0,0,0,158,1048576,1048576,165675008,158,6000,83609,3794260,158,6000,83609,3794260,143,2,18,738,1438646272,9105407,0,0,3,8,1,256.0,43664642,43664642,68.60000000000001,24014,24014.303797468354,260922230,18.176476980849714,24014.303797468354,5.160839160839161,0.6321992874145508
328,32,4,2000,0,0,0,0,154,1048576,1048576,161480704,0,0,0,0,0,0,0,0,477,262144,1048576,141557760,477,1807,13073,2981834,477,1807,13073,2981834,479,2,6,2532,1535578112,28671,0,0,6,5,1,72.45283018867924,47473387,189893548,73.2220703125,1562,6251.224318658281,223505653,16.322306947918495,6251.224318658281,5.286012526096034,0.627244234085083
329,64,256,2000,0,0,0,0,130,1048576,1048576,136314880,0,0,0,0,0,0,0,0,557,262144,262144,146014208,556,3871,335237,101108085,556,3871,335237,101108085,809,5,259,148248,1532276736,176127,0,0,7,9,1,64.0,1444139,369699584,73.0646484375,710,181849.0737410072,229559664,15.505679319501233,181849.0737410072,183.24845488257108,0.6362991333007812
330,512,32,2000,0,0,0,0,177,1048576,1048576,185597952,0,0,0,0,0,0,0,0,368,262144,2097152,144179200,368,112649,370231,111205028,368,112649,370231,111205028,144,28,259,25475,1578876928,2220031,0,0,3,2,0,95.65217391304348,1296516,41488512,75.28671875,9443,302187.57608695654,225809638,17.857886555446516,302187.57608695654,176.90972222222223,0.6355776786804199
331,64,16,2000,0,0,0,0,228,1048576,1048576,239075328,0,0,0,0,0,0,0,0,60,2097152,4194304,160956416,60,189724,343974,17591237,60,189724,343974,17591237,44,17,34,962,1687728128,28671,0,0,7,5,1,654.9333333333333,9149806,146396896,80.4771484375,18324,293187.2833333333,280034335,20.4750814967122,293187.2833333333,21.863636363636363,0.6376335620880127
332,1,1,2000,0,0,0,0,29,1048576,1048576,30408704,0,0,0,0,0,0,0,0,142,524288,4194304,147849216,142,3098,336573,7722621,142,3098,336573,7722621,128,2,18,419,1575997440,12287,0,0,3,0,1,254.19718309859155,19144952,19144952,75.1494140625,54384,54384.65492957747,208399474,65.35842685218098,54384.65492957747,3.2734375,0.6343324184417725
333,1,4,2000,0,0,0,0,22,1048576,1048576,23068672,0,0,0,0,0,0,0,0,1086,32768,524288,146178048,1086,563,16222,3129181,1086,563,16222,3129181,1088,2,7,5891,1440718848,81919,0,0,4,6,1,32.86187845303867,46714475,186857900,68.698828125,720,2881.3821362799263,224140565,16.19378418007081,2881.3821362799263,5.414522058823529,0.6406376361846924
334,1,32,2000,0,0,0,0,25,1048576,1048576,26214400,0,0,0,0,0,0,0,0,2310,32768,131072,145489920,2310,573,23444,18563631,2310,573,23444,18563631,2338,5,36,59547,1312927744,20479,0,0,3,3,1,15.376623376623376,7837363,250795616,62.605273437499996,251,8036.203896103896,231212280,20.519869306620844,8036.203896103896,25.469204448246366,0.6277368068695068
335,2,256,2000,0,0,0,0,37,1048576,1048576,38797312,0,0,0,0,0,0,0,0,978,131072,1048576,146276352,978,17931,234094,104308418,978,17931,234094,104308418,1202,33,269,239061,1193127936,1085439,0,0,7,9,1,36.515337423312886,1402344,359000064,56.8927734375,416,106654.82413087935,231559179,14.68591200259261,106654.82413087935,198.88602329450916,0.6354072093963623
336,8,4,2000,0,0,0,0,72,1048576,1048576,75497472,0,0,0,0,0,0,0,0,141,1048576,1048576,147849216,141,319282,881360,84020184,141,319282,881360,84020184,21,257,259,5412,1113509888,28671,0,0,7,4,1,256.0,1759686,7038744,53.0962890625,148971,595887.8297872341,243139858,9.032044260390622,595887.8297872341,257.7142857142857,0.6339654922485352
337,1024,256,2000,0,0,0,0,133,1048576,1048576,139460608,0,0,0,0,0,0,0,0,135,131072,4194304,144048128,135,342091,1357569,145691681,135,342091,1357569,145691681,268,100,261,54920,1106903040,2695167,0,0,7,2,0,260.5037037037037,988718,253111808,52.78125,4215,1079197.637037037,227827083,20.21581939310185,1079197.637037037,204.92537313432837,0.6328363418579102
338,8,128,2000,0,0,0,0,97,1048576,1048576,101711872,0,0,0,0,0,0,0,0,38,4063232,4194304,159252480,38,604874,1235885,35820776,38,604874,1235885,35820776,6,257,258,1546,1064472576,12287,0,0,5,2,1,1023.1578947368421,4445813,569064064,50.7580078125,7364,942652.0,271021419,3.57561289189146,942652.0,257.6666666666667,0.6373577117919922
339,64,16,2000,0,0,0,0,131,1048576,1048576,137363456,0,0,0,0,0,0,0,0,36,2883584,4194304,149684224,36,1337500,1954006,59503642,36,1337500,1954006,59503642,0,0,0,0,1047744512,28671,0,0,5,8,1,1015.1111111111111,2515547,40248752,49.9603515625,103304,1652878.9444444445,234517980,0,1652878.9444444445,0,0.6375606060028076
340,64,256,2000,0,0,0,0,122,1048576,1048576,127926272,0,0,0,0,0,0,0,0,35,4194304,4194304,146800640,35,2050027,2674957,82796729,35,2050027,2674957,82796729,111,176,258,25152,1033895936,2203647,0,0,7,7,1,1024.0,1773024,453894144,49.3,9240,2365620.8285714285,245546930,10.195197262030781,2365620.8285714285,226.59459459459458,0.6327559947967529
341,16,1,2000,0,0,0,0,108,1048576,1048576,113246208,0,0,0,0,0,0,0,0,35,4194304,4194304,146800640,35,2755934,3384914,107434865,35,2755934,3384914,107434865,6,257,257,1542,1010118656,28671,0,0,8,8,1,1024.0,1366415,1366415,48.1662109375,3069567,3069567.5714285714,237828214,11.663908877327682,3069567.5714285714,257.0,0.6348907947540283
342,4,128,2000,0,0,0,0,233,1048576,1048576,244318208,0,0,0,0,0,0,0,0,90,1048576,4194304,150593536,90,3464213,3893494,338239008,90,3464213,3893494,338239008,0,0,0,0,1108729856,9609215,0,0,5,9,1,408.5111111111111,445228,56989184,52.868359375,29361,3758211.2,197565837,0,3758211.2,0,0.6347525119781494
343,512,2,2000,0,0,0,0,256,1048576,1048576,268435456,0,0,0,0,0,0,0,0,266,12288,4194304,145272832,266,14821,3670510,270612823,266,14821,3670510,270612823,140,3,131,11988,1266679808,2449407,0,0,3,0,0,133.3345864661654,536829,1073658,60.4,508670,1017341.4398496241,222897763,89.10564501024176,1017341.4398496241,85.62857142857143,0.6215627193450928
344,128,16,2000,0,0,0,0,130,1048576,1048576,136314880,0,0,0,0,0,0,0,0,40,524288,4194304,149422080,41,51548,342338,8495708,41,51548,342338,8495708,53,3,18,754,1263534080,3530751,0,0,7,8,1,912.0,17587949,281407184,60.25,12950,207212.39024390245,274148404,15.970753471146326,207212.39024390245,14.226415094339623,0.6344466209411621
345,2,32,2000,0,0,0,0,68,1048576,1048576,71303168,0,0,0,0,0,0,0,0,2182,32768,524288,158597120,2182,2790,45812,20028567,2182,2790,45812,20028567,2199,17,41,73363,1204551680,90111,0,0,2,7,1,17.74518790100825,7918545,253393440,57.4375,286,9178.994958753437,207930027,15.504675308451477,9178.994958753437,33.36198271941792,0.6376838684082031
346,8,256,2000,0,0,0,0,78,1048576,1048576,81788928,0,0,0,0,0,0,0,0,559,262144,262144,146538496,559,37013,318899,103588198,559,37013,318899,103588198,790,33,264,154061,1128890368,1409023,0,0,4,0,1,64.0,1414625,362144000,53.8296875,723,185309.83542039356,232592943,14.847484314462992,185309.83542039356,195.0139240506329,0.6339044570922852
347,32,1,2000,0,0,0,0,129,1048576,1048576,135266304,0,0,0,0,0,0,0,0,841,65536,262144,139919360,838,966,327620,104775884,838,966,327620,104775884,586,2,260,23886,1122304000,499711,0,0,2,3,0,40.61831153388823,1335415,1335415,53.515625,125030,125030.88782816229,218740744,75.5178534475158,125030.88782816229,40.76109215017065,0.6363859176635742
348,4,2,2000,0,0,0,0,69,1048576,1048576,72351744,0,0,0,0,0,0,0,0,3294,16384,131072,89718784,3294,322,1779,1718125,3294,322,1779,1718125,3296,2,6,11270,1117958144,65535,0,0,3,7,1,6.649666059502125,52219008,104438016,53.3083984375,260,521.5922890103218,141302983,22.940063375685334,521.5922890103218,3.4192961165048543,0.6331624984741211
349,16,1,2000,0,0,0,0,153,1048576,1048576,160432128,0,0,0,0,0,0,0,0,1987,16384,65536,95174656,1986,335,1284,1343015,1986,335,1284,1343015,1985,2,5,5493,1186504704,114687,0,0,2,7,0,11.694011071967791,70866413,70866413,56.576953124999996,676,676.2411883182276,151474018,20.89724481151422,676.2411883182276,2.7672544080604533,0.6284162998199463
350,1024,16,2000,0,0,0,0,230,1048576,1048576,241172480,0,0,0,0,0,0,0,0,274,65536,4194304,129433600,274,663,368633,6669549,274,663,368633,6669549,290,2,18,1224,1317412864,5029887,0,0,7,4,0,115.32846715328468,19406649,310506384,62.819140625,1521,24341.419708029196,208319722,50.00644313104988,24341.419708029196,4.220689655172414,0.636735200881958
351,1,4,2000,0,0,0,0,47,1048576,1048576,49283072,0,0,0,0,0,0,0,0,47,2097152,4194304,144703488,47,44110,366547,8756325,47,44110,366547,8756325,34,5,18,249,1257172992,12287,0,0,4,5,1,751.6595744680851,16525595,66102380,59.9466796875,46576,186304.78723404257,243148485,33.844054888030385,186304.78723404257,7.323529411764706,0.6321732997894287
352,32,1,2000,0,0,0,0,102,1048576,1048576,106954752,0,0,0,0,0,0,0,0,97,524288,2097152,142082048,97,2961,57915,2027122,97,2961,57915,2027122,94,2,6,272,1209008128,327679,0,0,2,5,1,357.6082474226804,70090526,70090526,57.65,20898,20898.164948453606,211175059,20.19573093593987,20898.164948453606,2.893617021276596,0.6283714771270752
353,16,64,2000,0,0,0,0,108,1048576,1048576,113246208,0,0,0,0,0,0,0,0,294,65536,524288,153223168,294,2921,191474,30419538,294,2921,191474,30419538,356,2,69,18354,1174507520,28671,0,0,6,4,1,127.23809523809524,5036998,322367872,56.0048828125,1616,103467.8163265306,242046355,15.77274910087358,103467.8163265306,51.556179775280896,0.6338481903076172
354,4,4,2000,0,0,0,0,119,1048576,1048576,124780544,0,0,0,0,0,0,0,0,4021,16384,65536,118521856,4020,344,26157,10656948,4020,344,26157,10656948,3961,3,68,38828,1228353536,57343,0,0,5,8,1,7.1962198458095,11121557,44486228,58.572460937500004,662,2650.982089552239,184510084,37.580468709174745,2650.982089552239,9.802575107296137,0.6262109279632568
355,8,64,2000,0,0,0,0,73,1048576,1048576,76546048,0,0,0,0,0,0,0,0,1264,32768,131072,118521856,1264,588,94594,34463294,1264,588,94594,34463294,1325,4,72,52739,1185910784,28671,0,0,5,3,1,22.89240506329114,3439075,220100800,56.5486328125,426,27265.26424050633,185919059,29.922803230779053,27265.26424050633,39.80301886792453,0.6392207145690918
356,8,8,2000,0,0,0,0,133,1048576,1048576,139460608,0,0,0,0,0,0,0,0,2684,32768,131072,125796352,2684,624,50985,14610995,2684,624,50985,14610995,2627,8,69,33210,1197834240,450559,0,0,8,2,1,11.442622950819672,8609704,68877632,57.1171875,680,5443.738822652757,198116349,37.63248439485278,5443.738822652757,12.641796726303768,0.6344881057739258
357,32,2,2000,0,0,0,0,149,1048576,1048576,156237824,0,0,0,0,0,0,0,0,1293,65536,131072,146604032,1293,929,7141,2653836,1293,929,7141,2653836,1288,3,11,6473,1210384384,475135,0,0,3,1,0,27.68136117556071,55242310,110484620,57.715625,1026,2052.46403712297,230918086,14.753612423007272,2052.46403712297,5.025621118012422,0.6347239017486572
358,8,4,2000,0,0,0,0,65,1048576,1048576,68157440,0,0,0,0,0,0,0,0,266,65536,4194304,112263168,266,782,228845,3161152,266,782,228845,3161152,267,3,10,1191,1177309184,28671,0,0,5,9,1,103.0375939849624,35513372,142053488,56.138476562499996,2971,11884.03007518797,178982874,25.85636876691944,11884.03007518797,4.46067415730337,0.6371181011199951
359,1,1,2000,0,0,0,0,20,1048576,1048576,20971520,0,0,0,0,0,0,0,0,28,4194304,4194304,117440512,28,42528,138406,2264547,28,42528,138406,2264547,24,2,6,75,1080430592,28671,0,0,2,9,1,1024.0,51860487,51860487,51.518945312499994,80876,80876.67857142857,194916434,25.273962053571427,80876.67857142857,3.125,0.634727954864502
360,256,16,2000,0,0,0,0,257,1048576,1048576,269484032,0,0,0,0,0,0,0,0,58,921600,4194304,114163712,58,44213,312398,8711741,58,44213,312398,8711741,72,2,18,1091,1223426048,1236991,0,0,7,3,1,480.55172413793105,13104580,209673280,58.3375,9387,150202.43103448275,191356525,20.627403681725337,150202.43103448275,15.152777777777779,0.6247682571411133
361,8,4,2000,0,0,0,0,90,1048576,1048576,94371840,0,0,0,0,0,0,0,0,972,65536,1048576,134152192,972,825,109234,5972773,972,825,109234,5972773,961,5,18,5455,1194094592,49151,0,0,4,2,1,33.69547325102881,22460621,89842484,56.938867187499994,1536,6144.828189300411,190600700,32.12675170276683,6144.828189300411,5.676378772112383,0.6344461441040039
362,128,32,2000,0,0,0,0,138,1048576,1048576,144703488,0,0,0,0,0,0,0,0,495,65536,524288,121896960,495,790,99189,17220448,495,790,99189,17220448,527,2,34,8652,1219186688,28671,0,0,4,1,0,60.121212121212125,7078617,226515744,58.135351562500006,1087,34788.78383838384,192973545,35.245658036677455,34788.78383838384,16.417457305502847,0.6339206695556641
363,128,128,2000,0,0,0,0,273,1048576,1048576,286261248,0,0,0,0,0,0,0,0,250,524288,524288,131072000,250,92754,357894,55607976,250,92754,357894,55607976,346,33,131,36161,1383464960,7733247,0,0,0,0,1,128.0,2357071,301705088,65.96875,1737,222431.904,206782401,16.627339965708913,222431.904,104.51156069364161,0.6291007995605469
364,32,16,2000,0,0,0,0,199,1048576,1048576,208666624,0,0,0,0,0,0,0,0,594,131072,524288,146669568,594,8524,328226,57727195,594,8524,328226,57727195,484,14,131,13731,1476132864,147455,0,0,7,2,1,60.282828282828284,2540736,40651776,70.3875,6073,97183.82996632997,233076829,56.82554178040739,97183.82996632997,28.369834710743802,0.6366913318634033
365,256,256,2000,0,0,0,0,173,1048576,1048576,181403648,0,0,0,0,0,0,0,0,298,131072,1048576,139067392,298,8681,497743,30120591,298,8681,497743,30120591,539,15,264,65279,1539362816,28671,0,0,8,1,0,113.93288590604027,4617020,1181957120,73.40253906250001,394,101075.80872483221,225603309,7.3250973199838425,101075.80872483221,121.1113172541744,0.6253113746643066
366,4,256,2000,0,0,0,0,80,1048576,1048576,83886080,0,0,0,0,0,0,0,0,139,1048576,1048576,145752064,139,588270,1218055,124953601,139,588270,1218055,124953601,138,254,260,35541,1492226048,28671,0,0,7,9,1,256.0,1166449,298610944,71.15488281249999,3511,898946.7697841726,236450499,13.634633045968897,898946.7697841726,257.54347826086956,0.6316702365875244
367,1,32,2000,0,0,0,0,49,1048576,1048576,51380224,0,0,0,0,0,0,0,0,138,524288,1048576,144179200,137,1189078,1787533,171034994,137,1189078,1787533,171034994,21,256,261,5430,1397481472,8191,0,0,9,8,1,255.07246376811594,842980,26975360,66.63710937500001,39013,1248430.6131386862,230579306,18.928678620855898,1248430.6131386862,258.57142857142856,0.6342380046844482
368,1,64,2000,0,0,0,0,18,1048576,1048576,18874368,0,0,0,0,0,0,0,0,138,1048576,1048576,144703488,138,296179,1264247,162711676,138,296179,1264247,162711676,74,63,70,4882,1264087040,4095,0,0,5,1,1,256.0,889324,56916736,60.2763671875,18422,1179070.115942029,223070586,69.81256767502924,1179070.115942029,65.97297297297297,0.6300399303436279
369,8,32,2000,0,0,0,0,113,1048576,1048576,118489088,0,0,0,0,0,0,0,0,3356,32768,1048576,155713536,3356,888,312609,32770864,3356,888,312609,32770864,3325,30,71,126235,1210191872,28671,0,0,3,0,1,11.32777115613826,4751584,152050688,57.7064453125,305,9764.858164481526,238118726,22.705618572677036,9764.858164481526,37.965413533834585,0.6324989795684814
370,256,4,2000,0,0,0,0,131,1048576,1048576,137363456,0,0,0,0,0,0,0,0,180,524288,1048576,148373504,180,20610,85684,8759460,180,20610,85684,8759460,153,5,34,2179,1197461504,28671,0,0,6,8,0,201.24444444444444,16938658,67754632,57.099414062499996,12165,48663.666666666664,240361135,16.97911810171619,48663.666666666664,14.241830065359476,0.637291431427002
371,8,2,2000,0,0,0,0,85,1048576,1048576,89128960,0,0,0,0,0,0,0,0,257,524288,1048576,149422080,257,4701,27350,2412299,257,4701,27350,2412299,255,3,6,942,1147867136,548863,0,0,3,7,1,141.9455252918288,61941774,123883548,54.7345703125,4693,9386.377431906614,230377791,17.900517428623306,9386.377431906614,3.6941176470588237,0.6346988677978516
372,1,64,2000,0,0,0,0,27,1048576,1048576,28311552,0,0,0,0,0,0,0,0,367,131072,524288,147980288,367,4892,171075,35153754,367,4892,171075,35153754,429,3,71,23112,1026052096,16383,0,0,5,2,1,98.44141689373296,4209515,269408960,48.925976562500004,1496,95786.79564032698,231655756,18.06123953271718,95786.79564032698,53.87412587412587,0.6399674415588379
373,1,16,2000,0,0,0,0,21,1048576,1048576,22020096,0,0,0,0,0,0,0,0,1089,131072,131072,142737408,1089,6107,47053,18527315,1089,6107,47053,18527315,1041,17,75,27245,893382656,184319,0,0,7,0,1,32.0,7704160,123266560,42.5998046875,1063,17013.145087235996,222364909,20.31414483828761,17013.145087235996,26.17195004803074,0.6369657516479492
374,128,4,2000,0,0,0,0,123,1048576,1048576,128974848,0,0,0,0,0,0,0,0,334,131072,1048576,145752064,334,9168,30744,4969195,334,9168,30744,4969195,322,5,19,4022,862281728,790527,0,0,5,8,0,106.53892215568862,29331121,117324484,41.116796875,3719,14877.829341317365,229976909,11.180084331030947,14877.829341317365,12.490683229813664,0.6392662525177002
375,2,64,2000,0,0,0,0,57,1048576,1048576,59768832,0,0,0,0,0,0,0,0,2671,16384,1048576,139755520,2671,483,307773,35444978,2670,483,307773,35441189,2730,5,72,173635,790028288,139263,0,0,4,4,1,12.774241856982403,3942886,252344704,37.671484375,207,13273.853558052435,214645407,16.33319188616106,13270.30250842381,63.6025641025641,0.6419093608856201
376,8,256,2000,0,0,0,0,307,1048576,1048576,321912832,0,0,0,0,0,0,0,0,5842,16384,32768,157859840,5843,2068,43923,142054535,5841,2068,43923,141980700,6028,46,263,1130686,953188352,942079,0,0,2,0,0,6.597055802807258,1111262,284483072,45.451562499999994,94,24307.601438109912,252140458,19.64718288031924,24311.917679274346,187.5723291307233,0.6254632472991943
377,1,16,2000,0,0,0,0,34,1048576,1048576,35651584,0,0,0,0,0,0,0,0,2106,32768,1048576,148471808,2106,1256,108023,46090616,2106,1256,108023,46090616,1865,16,261,210421,849502208,16383,0,0,6,8,1,17.211775878442545,3221302,51540832,40.507421875,1367,21885.382716049382,235266758,11.269852168895095,21885.382716049382,112.82627345844504,0.6326467990875244
378,16,256,2000,0,0,0,0,132,1048576,1048576,138412032,0,0,0,0,0,0,0,0,1264,65536,1048576,147718144,1264,61982,254422,130072205,1264,61982,254422,130072205,1505,17,261,349970,825233408,4095,0,0,7,4,1,28.531645569620252,1135662,290729472,39.350195312500006,401,102905.22547468354,234993478,15.51016045108658,102905.22547468354,232.53820598006644,0.630286455154419
379,8,8,2000,0,0,0,0,246,1048576,1048576,257949696,0,0,0,0,0,0,0,0,1295,32768,524288,145096704,1295,614,82779,50564988,1295,614,82779,50564988,1047,7,261,98435,968413184,28671,0,0,9,4,1,27.354440154440155,2869509,22956072,46.1775390625,4880,39046.32277992278,234082473,15.182715194005704,39046.32277992278,94.01623686723973,0.6206660270690918
380,64,128,2000,0,0,0,0,331,1048576,1048576,347078656,0,0,0,0,0,0,0,0,444,262144,524288,144703488,444,19250,224375,61356613,444,19250,224375,61356613,564,9,131,59268,1168068608,28671,0,0,0,5,1,79.56756756756756,2358400,301875200,55.6978515625,1079,138190.56981981982,227488730,16.527271359819878,138190.56981981982,105.08510638297872,0.6316580772399902
381,64,64,2000,0,0,0,0,209,1048576,1048576,219152384,0,0,0,0,0,0,0,0,554,262144,262144,145227776,554,62576,172589,60850507,554,62576,172589,60850507,487,57,131,37645,1264160768,28671,0,0,5,2,1,64.0,2386632,152744448,60.2798828125,1716,109838.46028880867,231218724,22.202205704878562,109838.46028880867,77.29979466119096,0.633765697479248
382,256,4,2000,0,0,0,0,204,1048576,1048576,213909504,0,0,0,0,0,0,0,0,240,262144,1048576,133693440,240,7159,101626,14207065,240,7159,101626,14207065,180,2,67,6403,1364459520,2187263,0,0,5,0,0,136.0,9410349,37641396,65.0625,14799,59196.104166666664,213073878,12.236105720204684,59196.104166666664,35.57222222222222,0.6343715190887451
383,4,64,2000,0,0,0,0,157,1048576,1048576,164626432,0,0,0,0,0,0,0,0,1987,16384,1048576,146407424,1987,2080,25952,35330740,1987,2080,25952,35330740,2048,5,72,131329,1420414976,4095,0,0,6,0,1,17.988928032209362,4143910,265210240,67.7306640625,277,17780.946149974836,238066881,15.414125736812764,17780.946149974836,64.12548828125,0.6051418781280518
384,256,64,2000,0,0,0,0,176,1048576,1048576,184549376,0,0,0,0,0,0,0,0,532,65536,1048576,143982592,532,16930,338485,33674542,532,16930,338485,33674542,536,57,71,35162,1458384896,28671,0,0,6,5,0,66.07518796992481,4275710,273645440,69.5412109375,989,63298.01127819549,228656118,14.603026664512992,63298.01127819549,65.60074626865672,0.6348588466644287
385,32,64,2000,0,0,0,0,203,1048576,1048576,212860928,0,0,0,0,0,0,0,0,512,131072,1048576,147849216,512,33399,320320,51949964,512,33399,320320,51949964,507,57,67,32976,1545998336,4095,0,0,5,2,1,70.5,2845992,182143488,73.7189453125,1585,101464.7734375,233634141,22.12769404304033,101464.7734375,65.0414201183432,0.6320531368255615
386,128,128,2000,0,0,0,0,135,1048576,1048576,141557760,0,0,0,0,0,0,0,0,385,131072,524288,145752064,385,36224,331678,61107839,385,36224,331678,61107839,449,58,130,47500,1559191552,2424831,0,0,0,6,0,92.42597402597403,2385161,305300608,74.348046875,1240,158721.65974025975,225274193,16.232854334887353,158721.65974025975,105.79064587973274,0.6405892372131348
387,8,256,2000,0,0,0,0,87,1048576,1048576,91226112,0,0,0,0,0,0,0,0,390,262144,524288,146538496,390,288131,452293,136172222,390,288131,452293,136172222,517,123,263,118878,1515868160,28671,0,0,7,7,1,91.73333333333333,1076126,275488256,72.2822265625,1363,349159.5435897436,234360286,16.553346100345777,349159.5435897436,229.93810444874273,0.6364929676055908
388,8,8,2000,0,0,0,0,83,1048576,1048576,87031808,0,0,0,0,0,0,0,0,563,262144,262144,147587072,563,4709,314846,109749763,563,4709,314846,109749763,316,6,263,26609,1454374912,303103,0,0,0,7,1,64.0,1344759,10758072,69.35,24367,194937.41207815276,227990184,36.172102376484624,194937.41207815276,84.20569620253164,0.63580322265625
389,16,64,2000,0,0,0,0,104,1048576,1048576,109051904,0,0,0,0,0,0,0,0,563,262144,262144,147587072,563,7141,104314,35105770,563,7141,104314,35105770,620,9,69,33303,1414344704,315391,0,0,6,0,1,64.0,4204068,269060352,67.44121093749999,974,62354.831261101244,234893307,18.138378759929086,62354.831261101244,53.714516129032255,0.6350114345550537
390,8,64,2000,0,0,0,0,78,1048576,1048576,81788928,0,0,0,0,0,0,0,0,148,262144,1048576,148111360,148,50792,323410,34034188,148,50792,323410,34034188,150,64,69,9913,1352855552,28671,0,0,6,1,1,244.32432432432432,4351840,278517760,64.5091796875,3593,229960.72972972973,240083693,14.24207028135933,229960.72972972973,66.08666666666667,0.6353743076324463
391,32,128,2000,0,0,0,0,130,1048576,1048576,136314880,0,0,0,0,0,0,0,0,257,131072,1048576,145620992,257,75049,476983,83024072,257,75049,476983,83024072,321,64,132,37650,1339854848,28671,0,0,9,5,1,138.33463035019454,1753961,224507008,63.8892578125,2523,323050.86381322955,227840089,19.91040272752375,323050.86381322955,117.28971962616822,0.6351649761199951
392,64,1,2000,0,0,0,0,248,1048576,1048576,260046848,0,0,0,0,0,0,0,0,595,131072,1048576,140902400,592,1582,91937,24324442,592,1582,91937,24324442,470,2,132,24111,1492123648,303103,0,0,2,9,0,57.81512605042017,5792626,5792626,71.15,41088,41088.58445945946,217175757,13.853590231525898,41088.58445945946,51.3,0.6274938583374023
393,512,1,2000,0,0,0,0,132,1048576,1048576,138412032,0,0,0,0,0,0,0,0,82,1048576,2097152,145752064,82,6670,29549,1399941,82,6670,29549,1399941,83,2,3,205,1491267584,28671,0,0,3,3,0,433.9512195121951,104113004,104113004,71.1091796875,17072,17072.451219512193,237707569,15.928658399499913,17072.451219512193,2.4698795180722892,0.6335971355438232
394,16,32,2000,0,0,0,0,115,1048576,1048576,120586240,0,0,0,0,0,0,0,0,903,131072,2097152,146669568,903,11483,35561,18312441,903,11483,35561,18312441,933,2,35,30411,1473646592,28671,0,0,4,5,1,39.65448504983389,8009285,256297120,70.2689453125,633,20279.558139534885,222609435,15.689789470381774,20279.558139534885,32.59485530546624,0.6378295421600342
395,2,4,2000,0,0,0,0,44,1048576,1048576,46137344,0,0,0,0,0,0,0,0,880,131072,524288,145227776,881,1391,23372,7139902,881,1391,23372,7139902,852,5,34,9828,1380601856,548863,0,0,5,1,1,40.29090909090909,20340303,81361212,65.8322265625,2026,8104.315550510783,227944191,17.43748001257621,8104.315550510783,11.535211267605634,0.6378896236419678
396,4,32,2000,0,0,0,0,64,1048576,1048576,67108864,0,0,0,0,0,0,0,0,1285,32768,524288,145817600,1285,2798,92358,18831747,1285,2798,92358,18831747,1312,4,36,42410,1290784768,28671,0,0,3,7,1,27.704280155642024,7743179,247781728,61.5494140625,457,14655.056031128404,228905562,16.364629436029766,14655.056031128404,32.32469512195122,0.6349031925201416
397,2,8,2000,0,0,0,0,60,1048576,1048576,62914560,0,0,0,0,0,0,0,0,4500,32768,65536,148996096,4500,604,7312,8395438,4500,604,7312,8395438,4476,8,36,61679,1205981184,12287,0,0,0,3,1,8.083555555555556,17747268,141978144,57.505664062499996,233,1865.6528888888888,234463465,16.748702617134427,1865.6528888888888,13.77993744414656,0.6340248584747314
398,256,8,2000,0,0,0,0,176,1048576,1048576,184549376,0,0,0,0,0,0,0,0,487,65536,1048576,147914752,487,1405,47208,5820033,487,1405,47208,5820033,486,4,11,4586,1234370560,573439,0,0,8,0,0,74.15195071868582,25414761,203318088,58.859375,1493,11950.786447638604,236283764,17.07953821188372,11950.786447638604,9.436213991769547,0.6362881660461426
399,8,4,2000,0,0,0,0,110,1048576,1048576,115343360,0,0,0,0,0,0,0,0,1281,32768,1048576,146341888,1281,573,47604,4039792,1281,573,47604,4039792,1275,4,10,7009,1231572992,28671,0,0,5,2,1,27.89071038251366,36225104,144900416,58.7259765625,788,3153.623731459797,226631435,20.56858538414272,3153.623731459797,5.497254901960784,0.6375253200531006
400,2,4,2000,0,0,0,0,41,1048576,1048576,42991616,0,0,0,0,0,0,0,0,899,131072,262144,144179200,899,1443,9958,3458208,899,1443,9958,3458208,899,5,7,4990,1132244992,20479,0,0,5,3,1,39.15461624026696,41691882,166767528,53.9896484375,961,3846.7274749721914,227280949,17.69976881034797,3846.7274749721914,5.5506117908787544,0.6353805065155029
401,128,1,2000,0,0,0,0,121,1048576,1048576,126877696,0,0,0,0,0,0,0,0,315,262144,524288,140509184,315,2855,13285,1781884,315,2855,13285,1781884,312,2,6,1061,1109917696,204799,0,0,2,1,0,108.9015873015873,78854282,78854282,52.925,5656,5656.774603174603,220667344,15.274741689760436,5656.774603174603,3.4006410256410255,0.6371555328369141
402,4,32,2000,0,0,0,0,60,1048576,1048576,62914560,0,0,0,0,0,0,0,0,186,262144,2097152,140509184,186,1743,338199,12935522,186,1743,338199,12935522,217,2,35,5347,1041158144,4095,0,0,4,5,1,184.43010752688173,10862273,347592736,49.646289062499996,2173,69545.81720430107,226975298,15.303428719008986,69545.81720430107,24.640552995391705,0.6284329891204834
403,512,8,2000,0,0,0,0,162,1048576,1048576,169869312,0,0,0,0,0,0,0,0,89,65536,2097152,152109056,88,29366,330651,15855771,88,29366,330651,15855771,64,5,34,890,1051656192,1720319,0,0,8,8,0,417.2584269662921,9593292,76746336,50.146875,22522,180179.2159090909,255969101,31.051997571579648,180179.2159090909,13.90625,0.6358582973480225
404,2,128,2000,0,0,0,0,109,1048576,1048576,114294784,0,0,0,0,0,0,0,0,7887,8192,2097152,149733376,7889,2021,93541,71573876,7887,2021,93541,71553851,8005,9,136,1019520,1039687680,1150975,0,0,1,9,1,4.634968936224166,2092011,267777408,49.576171875,70,9072.378724483327,213629932,15.369202725680205,9072.617061731526,127.36039975015615,0.6369876861572266
405,32,256,2000,0,0,0,0,211,1048576,1048576,221249536,0,0,0,0,0,0,0,0,3333,8192,1048576,141803520,3333,2374,451632,65508061,3333,2374,451632,65508061,3463,55,263,493348,1124986880,28671,0,0,7,3,0,10.387038703870386,2164672,554156032,53.64355468749999,76,19654.38373837384,225855377,13.282101686440098,19654.38373837384,142.46260467802483,0.6290855407714844
406,256,256,2000,0,0,0,0,127,1048576,1048576,133169152,0,0,0,0,0,0,0,0,143,1048576,1048576,149946368,143,528501,1110239,116190168,143,528501,1110239,116190168,143,253,258,36723,1118830592,974847,0,0,7,4,0,256.0,1290525,330374400,53.349999999999994,3173,812518.6573426573,248339429,12.359225655583694,812518.6573426573,256.8041958041958,0.6321532726287842
407,128,32,2000,0,0,0,0,273,1048576,1048576,286261248,0,0,0,0,0,0,0,0,191,131072,1048576,140640256,191,640686,932278,135300458,191,640686,932278,135300458,77,253,259,19764,1281421312,6561791,0,0,4,4,1,179.7696335078534,1039466,33262912,61.102929687499994,22136,708379.3612565445,215761256,15.352017132192488,708379.3612565445,256.6753246753247,0.6314644813537598
408,16,256,2000,0,0,0,0,107,1048576,1048576,112197632,0,0,0,0,0,0,0,0,166,65536,1048576,148033536,166,490590,1255926,151122668,166,490590,1255926,151122668,295,106,259,64319,1298268160,2940927,0,0,9,4,1,217.71686746987953,979558,250766848,61.90624999999999,3556,910377.5180722892,241005043,19.17839148547967,910377.5180722892,218.03050847457627,0.63531494140625
409,32,256,2000,0,0,0,0,169,1048576,1048576,177209344,0,0,0,0,0,0,0,0,767,65536,2097152,146210816,767,73393,636248,130450830,767,73393,636248,130450830,767,233,261,195813,1347891200,28671,0,0,7,1,0,46.53976531942634,1120811,286927616,64.2724609375,664,170079.30899608866,218317177,14.31466327376491,170079.30899608866,255.29726205997392,0.6390669345855713
410,64,2,2000,0,0,0,0,176,1048576,1048576,184549376,0,0,0,0,0,0,0,0,216,131072,2097152,148242432,216,551297,1175050,221214287,216,551297,1175050,221214287,11,256,258,2828,1381629952,7626751,0,0,3,6,0,167.55555555555554,670130,1340260,65.88125000000001,512070,1024140.2175925926,235483994,23.774635593118337,1024140.2175925926,257.09090909090907,0.6325991153717041
411,4,16,2000,0,0,0,0,175,1048576,1048576,183500800,0,0,0,0,0,0,0,0,4675,16384,262144,141164544,4675,465,14046,9264238,4675,465,14046,9264238,4691,3,22,80252,1503563776,20479,0,0,6,8,1,7.3719786096256685,15237577,243801232,71.6955078125,123,1981.6551871657755,227750560,15.71280028393962,1981.6551871657755,17.10765295246216,0.6115760803222656
412,1024,32,2000,0,0,0,0,143,1048576,1048576,149946368,0,0,0,0,0,0,0,0,225,131072,4194304,143261696,225,8811,508255,9599228,225,8811,508255,9599228,240,14,35,4925,1504514048,4968447,0,0,3,3,0,155.4488888888889,14924293,477577376,71.74082031249999,1333,42663.235555555555,229872037,13.374303481778368,42663.235555555555,20.520833333333332,0.6307451725006104
413,32,32,2000,0,0,0,0,120,1048576,1048576,125829120,0,0,0,0,0,0,0,0,36,4063232,4194304,150863872,36,583675,1016740,22767939,36,583675,1016740,22767939,36,33,34,1195,1491075072,540671,0,0,3,4,1,1023.1111111111111,6626154,212036928,71.1,19763,632442.75,255442497,18.62228687806492,632442.75,33.19444444444444,0.6323368549346924
414,1,2,2000,0,0,0,0,29,1048576,1048576,30408704,0,0,0,0,0,0,0,0,254,524288,1048576,146800640,254,4684,534041,14776204,254,4684,534041,14776204,222,3,34,1446,1379958784,8191,0,0,4,1,1,141.10236220472441,9934935,19869870,65.8015625,29087,58174.03149606299,214287383,63.29647997554831,58174.03149606299,6.513513513513513,0.6371839046478271
415,4,64,2000,0,0,0,0,51,1048576,1048576,53477376,0,0,0,0,0,0,0,0,274,524288,524288,143654912,274,4862,174452,30959717,274,4862,174452,30959717,337,3,70,17324,1276071936,12287,0,0,7,0,1,128.0,4640058,296963712,60.8478515625,1765,112991.66788321167,228560873,17.171893073122156,112991.66788321167,51.40652818991098,0.6344616413116455
416,1024,64,2000,0,0,0,0,158,1048576,1048576,165675008,0,0,0,0,0,0,0,0,134,65536,4194304,142737408,135,121734,482072,24614853,135,121734,482072,24614853,135,55,69,8772,1286471680,3915775,0,0,5,6,0,260.05970149253733,5798832,371125248,61.34375,2848,182332.24444444446,226533345,10.790102339305253,182332.24444444446,64.97777777777777,0.6374046802520752
417,1,256,2000,0,0,0,0,38,1048576,1048576,39845888,0,0,0,0,0,0,0,0,49,262144,4194304,146538496,48,395850,1145107,35281905,48,395850,1145107,35281905,240,65,259,42215,1202049024,12287,0,0,7,3,1,730.1224489795918,4153361,1063260416,57.318164062499996,2871,735039.6875,255854860,5.723471638947021,735039.6875,175.89583333333334,0.6337442398071289
418,512,64,2000,0,0,0,0,143,1048576,1048576,149946368,0,0,0,0,0,0,0,0,185,262144,4194304,162398208,185,594182,1709293,182538870,185,594182,1709293,182538870,38,257,261,9813,1175715840,2039807,0,0,1,2,0,214.31351351351353,889663,56938432,56.06250000000001,15417,986696.5945945946,225480248,17.828543737627285,986696.5945945946,258.2368421052632,0.6312835216522217
419,8,8,2000,0,0,0,0,90,1048576,1048576,94371840,0,0,0,0,0,0,0,0,414,262144,4194304,147587072,414,9000,1770471,109372197,414,9000,1770471,109372197,323,9,66,4026,1132986368,434175,0,0,9,1,1,87.03381642512078,1349402,10795216,54.025,33023,264184.0507246377,238135542,243.5271122845267,264184.0507246377,12.464396284829721,0.6295475959777832
420,4,4,2000,0,0,0,0,97,1048576,1048576,101711872,0,0,0,0,0,0,0,0,5494,16384,262144,121962496,5495,329,12970,3646374,5494,329,12970,3645898,5490,4,10,30899,1112342528,335871,0,0,5,3,1,5.4197306152166,33447610,133790440,53.040625,165,663.6144885329451,186030749,21.754230898020154,663.5803457688808,5.628233151183971,0.6389539241790771
421,16,32,2000,0,0,0,0,136,1048576,1048576,142606336,0,0,0,0,0,0,0,0,1643,16384,4194304,138526720,1643,335,356871,10029790,1643,335,356871,10029790,1670,4,39,26767,1123028992,421887,0,0,3,0,0,20.584297017650638,13811527,441968864,53.5501953125,190,6104.558734023129,218922297,18.50269581132686,6104.558734023129,16.02814371257485,0.6334149837493896
422,4,64,2000,0,0,0,0,62,1048576,1048576,65011712,0,0,0,0,0,0,0,0,489,131072,4194304,145358848,489,21646,815250,47743292,489,21646,815250,47743292,519,33,72,33636,1043419136,626687,0,0,5,1,1,72.57259713701431,3044592,194853888,49.754101562500004,1525,97634.54396728016,231729479,20.7583987830088,97634.54396728016,64.8092485549133,0.6326005458831787
423,64,4,2000,0,0,0,0,317,1048576,1048576,332398592,0,0,0,0,0,0,0,0,674,131072,262144,145620992,674,2723,46075,12257462,674,2723,46075,12257462,613,5,68,14233,1224896512,540671,0,0,5,8,0,52.74777448071217,11880191,47520764,58.40761718750001,4546,18186.145400593472,228002727,14.849114068559249,18186.145400593472,23.218597063621534,0.6369001865386963
424,64,8,2000,0,0,0,0,121,1048576,1048576,126877696,0,0,0,0,0,0,0,0,34,3801088,4194304,142213120,34,24143,189986,4991916,34,24143,189986,4991916,41,5,10,374,1231028224,3940351,0,0,0,9,1,1021.1764705882352,28488684,227909472,58.699999999999996,18352,146821.0588235294,221880817,15.761582037507086,146821.0588235294,9.121951219512194,0.6360750198364258
425,32,1,2000,0,0,0,0,256,1048576,1048576,268435456,0,0,0,0,0,0,0,0,265,131072,4194304,153092096,265,949,179355,3055656,265,949,179355,3055656,257,2,10,650,1356857344,2146303,0,0,2,1,1,141.04150943396226,50101220,50101220,64.7,11530,11530.777358490566,244811977,32.324469507376186,11530.777358490566,2.529182879377432,0.6300652027130127
426,128,2,2000,0,0,0,0,163,1048576,1048576,170917888,0,0,0,0,0,0,0,0,142,524288,2097152,146800640,142,4589,37418,2031333,142,4589,37418,2031333,142,2,4,481,1384644608,753663,0,0,3,6,1,252.3943661971831,72268131,144536262,66.025,7152,14305.161971830987,235248766,16.732328830375703,14305.161971830987,3.387323943661972,0.6322951316833496
427,128,64,2000,0,0,0,0,297,1048576,1048576,311427072,0,0,0,0,0,0,0,0,281,524288,524288,147324928,281,4817,168159,30984524,281,4817,168159,30984524,342,3,67,17392,1573593088,524287,0,0,5,2,1,128.0,4754790,304306560,75.034765625,1722,110265.20996441282,233046868,16.939676740666137,110265.20996441282,50.853801169590646,0.6301090717315674
428,8,16,2000,0,0,0,0,106,1048576,1048576,111149056,0,0,0,0,0,0,0,0,1400,65536,524288,141754368,1400,3008,162605,24651829,1400,3008,162605,24651829,1351,16,66,25719,1571926016,28671,0,0,6,4,1,24.72,5750257,92004112,74.9552734375,1100,17608.449285714287,222455651,37.41742656757984,17608.449285714287,19.037009622501852,0.6281721591949463
429,8,8,2000,0,0,0,0,118,1048576,1048576,123731968,0,0,0,0,0,0,0,0,2426,32768,262144,119275520,2426,663,18214,6842288,2426,663,18214,6842288,2419,7,19,27190,1582993408,20479,0,0,9,1,1,12.003297609233305,17432110,139456880,75.4830078125,352,2820.39901071723,187259119,20.90434866163627,2820.39901071723,11.240181893344356,0.636073112487793
430,2,8,2000,0,0,0,0,33,1048576,1048576,34603008,0,0,0,0,0,0,0,0,451,262144,262144,118226944,452,10517,19813,6187116,451,10517,19813,6173761,451,9,12,4327,1498722304,20479,0,0,9,9,1,64.0,19108570,152868560,71.4646484375,1711,13689.048780487805,189152832,22.292537014189563,13688.309734513274,9.594235033259423,0.6351675987243652
431,32,16,2000,0,0,0,0,91,1048576,1048576,95420416,0,0,0,0,0,0,0,0,447,262144,262144,117178368,447,2038,46590,10227623,447,2038,46590,10227623,454,5,19,7255,1469280256,135167,0,0,6,8,1,64.0,11457048,183312768,70.0607421875,1430,22880.58836689038,182629393,22.372043242953637,22880.58836689038,15.980176211453745,0.6373121738433838
432,16,4,2000,0,0,0,0,94,1048576,1048576,98566144,0,0,0,0,0,0,0,0,491,262144,262144,128712704,491,3902,30118,5057233,491,3902,30118,5057233,481,5,18,3515,1444151296,204799,0,0,5,9,1,64.0,25451210,101804840,68.86250000000001,2574,10299.863543788188,202896761,22.0227345508629,10299.863543788188,7.3076923076923075,0.6330833435058594
433,2,4,2000,0,0,0,0,39,1048576,1048576,40894464,0,0,0,0,0,0,0,0,698,131072,262144,127401984,698,1845,9765,3473638,698,1845,9765,3473638,699,5,7,3893,1359482880,12287,0,0,6,1,1,44.561604584527224,36676816,146707264,64.8251953125,1244,4976.558739255014,199626039,20.052156519853614,4976.558739255014,5.569384835479256,0.6371233463287354
434,1024,64,2000,0,0,0,0,115,1048576,1048576,120586240,0,0,0,0,0,0,0,0,182,131072,4194304,117309440,182,1944,512753,6991587,182,1944,512753,6991587,242,5,68,4771,1350172672,3940351,0,0,5,6,0,157.36263736263737,16778656,1073833984,64.38125,600,38415.31318681319,188446284,12.3825104155811,38415.31318681319,19.714876033057852,0.6337990760803223
