observation_no,osc_rpc_configuration_current.mppr_value,osc_rpc_configuration_current.mrif_value,osc_rpc_configuration_current.mdm_value,llite_stats_read_bytes.no_of_samples,llite_stats_read_bytes.sample_min,llite_stats_read_bytes.sample_max,llite_stats_read_bytes.samples_sum,llite_stats_write_bytes.no_of_samples,llite_stats_write_bytes.sample_min,llite_stats_write_bytes.sample_max,llite_stats_write_bytes.samples_sum,ost_read_rpc_bytes_data.no_of_samples,ost_read_rpc_bytes_data.sample_min,ost_read_rpc_bytes_data.sample_max,ost_read_rpc_bytes_data.samples_sum,ost_read_rpc_usec_data.no_of_samples,ost_read_rpc_usec_data.sample_min,ost_read_rpc_usec_data.sample_max,ost_read_rpc_usec_data.samples_sum,ost_write_rpc_bytes_data.no_of_samples,ost_write_rpc_bytes_data.sample_min,ost_write_rpc_bytes_data.sample_max,ost_write_rpc_bytes_data.samples_sum,ost_write_rpc_usec_data.no_of_samples,ost_write_rpc_usec_data.sample_min,ost_write_rpc_usec_data.sample_max,ost_write_rpc_usec_data.samples_sum,osc_req_waittime_data.no_of_samples,osc_req_waittime_data.sample_min,osc_req_waittime_data.sample_max,osc_req_waittime_data.samples_sum,osc_req_active_data.no_of_samples,osc_req_active_data.sample_min,osc_req_active_data.sample_max,osc_req_active_data.samples_sum,cur_dirty_bytes,cur_grant_bytes,cur_read_rif,pending_read_pages,cur_write_rif,pending_write_pages,is_dist_centered,avg_pages_per_write_rpc,write_avg_xfer_speed,write_max_xfer_speed,used_pct_dirty_cache,waittime_to_mrif_ratio,avg_waittime,write_rpc_generation_rate,avg_write_rpc_latency_per_unit_data,avg_write_rpc_waittime,avg_rpcs_in_flight,actual_record_duration
which observation it is (start from 1),max_pages_per_rpc (mppr),max_rpcs_in_flight (mrif),max_dirty_mb (mdm),total count of llite layer read IOs,minimum size of llite layer read IOs,maximum size of llite layer read IOs,total size of all llite layer read IOs,total count of llite layer write IOs,minimum size of llite layer write IOs,maximum size of llite layer write IOs,total size of all llite layer write IOs,total count of OSC layer read RPCs,minimum size of OSC layer read RPCs,maximum size of OSC layer read RPCs,total size of all OSC layer read RPCs,total count of OSC layer read RPCs,minimum time spent by OSC layer read RPCs,maximum time spent by OSC layer read RPCs,total time spent by all OSC layer read RPCs,total count of OSC layer write RPCs,minimum size of OSC layer write RPCs,maximum size of OSC layer write RPCs,total size of all OSC layer write RPCs,total count of OSC layer write RPCs,minimum time spent by OSC layer write RPCs,maximum time spent by OSC layer write RPCs,total time spent by all OSC layer write RPCs,total count of completed RPCs whose waittime got recorded,minimum waittime recorded among all completed RPCs,maximum waittime recorded among all completed RPCs,total amount of waittime recorded for all completed RPCs,total count of issued RPCs,minimum RPCs in the air observed among all issued RPCs,maximum RPCs in the air observed among all issued RPCs,total RPCs in the air observed for all issued RPCs,current amount of dirty pages (in bytes) in dirty page cache,current amount of space the client has reserved for the writeback cache with each OST,current amount of read RPCs in air,pending amount of read pages waiting to be cached,current amount of write RPCs in air,pending amount of write pages waiting to be cached,"is pages_per_rpc distribution centered: Centered(+1), Decentered(-1), Empty(0)",average pages observed among issued write RPCs,average transfer speed of write RPCs,maximum transfer speed of write RPCs,percentages of dirty page cache that is occupied,ratio of avg_waittime to max_rpcs_in_flight,average of waittime for all completed RPCs,how fast data is being utilized to generate RPCs,"the average amount of latency observed during write RPC communication for a unit (in Page, size = 4kB) of data",average of waittime for completed write RPCs,average number of observed RPCs in flight,actual snapshot record duration
0,1024,8,2000,0,0,0,0,0,0,0,0,0,0,0,0,0,0,0,0,0,0,0,0,0,0,0,0,0,0,0,0,0,0,0,0,0,1887485951,0,0,0,0,0,0.0,0,0,0.0,0,0,0,0,0,0,0
1,2,2,2000,0,0,0,0,0,0,0,0,0,0,0,0,0,0,0,0,0,0,0,0,0,0,0,0,0,0,0,0,0,0,0,0,0,1887485951,0,0,0,0,1,0.0,0,0,0.0,0,0,0,0,0,0,0.6383099555969238
2,64,2,2000,0,0,0,0,0,0,0,0,0,0,0,0,0,0,0,0,0,0,0,0,0,0,0,0,2,544,656,1200,2,1,1,2,0,1887485951,0,0,0,0,1,0.0,0,0,0.0,300,600.0,0,0,0,1.0,0.5992650985717773
3,1,32,2000,0,0,0,0,0,0,0,0,0,0,0,0,0,0,0,0,0,0,0,0,0,0,0,0,0,0,0,0,0,0,0,0,0,1887485951,0,0,0,0,1,0.0,0,0,0.0,0,0,0,0,0,0,0.613330602645874
4,256,16,2000,0,0,0,0,464,1048576,1048576,486539264,0,0,0,0,0,0,0,0,107,1048576,1048576,112197632,107,7175,75758,6693749,108,564,75758,6694313,125,1,18,1954,350224384,1529053183,0,0,6,4,1,256.0,16761553,268184848,16.7,3874,61984.37962962963,189978740,15.632597063805136,62558.40186915888,15.632,0.6236965656280518
5,256,16,2000,0,0,0,0,740,1048576,1048576,775946240,0,0,0,0,0,0,0,0,158,1048576,1048576,165675008,158,66555,79732,11420131,158,66555,79732,11420131,160,17,18,2782,909115392,957063167,0,0,8,8,1,256.0,14507277,232116432,43.35,4517,72279.31012658228,262355259,16.23816277106899,72279.31012658228,17.3875,0.6394846439361572
6,16,1,2000,0,0,0,0,727,1048576,1048576,762314752,0,0,0,0,0,0,0,0,149,1048576,1048576,156237824,149,5059,80002,4100061,149,5059,80002,4100061,134,2,18,681,1448083456,220774399,0,0,2,2,1,256.0,38106219,38106219,69.05,27517,27517.187919463086,240759967,21.15055514184135,27517.187919463086,5.082089552238806,0.6228044033050537
7,512,2,2000,0,0,0,0,340,1048576,1048576,356515840,0,0,0,0,0,0,0,0,95,1048576,2097152,166723584,95,4920,33518,1911711,95,4920,33518,1911711,96,2,4,308,1609564160,1687551,0,0,3,0,0,428.46315789473687,87211709,174423418,76.75,10061,20123.273684210526,270868780,14.638806358735604,20123.273684210526,3.2083333333333335,0.6272091865539551
8,8,32,2000,0,0,0,0,135,1048576,1048576,141557760,0,0,0,0,0,0,0,0,141,1048576,2097152,164626432,140,19181,160222,16050499,140,19181,160222,16050499,171,3,35,4863,1554206720,28671,0,0,3,4,1,285.0496453900709,10256779,328216928,74.1103515625,3582,114646.42142857143,254759840,14.14268404044038,114646.42142857143,28.43859649122807,0.6392850875854492
9,32,16,2000,0,0,0,0,157,1048576,1048576,164626432,0,0,0,0,0,0,0,0,141,1048576,1048576,147849216,141,77778,162424,15895889,141,77778,162424,15895889,125,17,34,2573,1519386624,1081343,0,0,8,7,1,256.0,9301097,148817552,72.45,7046,112736.80141843972,238754093,21.39419600373009,112736.80141843972,20.584,0.6397173404693604
10,1,8,2000,0,0,0,0,38,1048576,1048576,39845888,0,0,0,0,0,0,0,0,141,1048576,1048576,147849216,141,40162,86750,7857677,141,40162,86750,7857677,132,9,18,1447,1409122304,16383,0,0,9,0,1,256.0,18815893,150527144,67.1921875,6966,55728.205673758865,233319511,19.858228092972986,55728.205673758865,10.962121212121213,0.6381711959838867
11,2,128,2000,0,0,0,0,41,1048576,1048576,42991616,0,0,0,0,0,0,0,0,151,65536,1048576,142606336,151,39999,529001,33354136,151,39999,529001,33354136,271,9,133,24789,1285566464,28671,0,0,9,7,1,230.56953642384107,4275521,547266688,61.300585937499996,1725,220888.3178807947,221949825,10.47324118686716,220888.3178807947,91.47232472324723,0.6382923126220703
12,2,64,2000,0,0,0,0,56,1048576,1048576,58720256,0,0,0,0,0,0,0,0,1740,65536,1048576,145489920,1740,13850,793816,85325301,1740,13850,793816,85325301,1676,62,134,114520,1174360064,28671,0,0,5,0,1,20.413793103448278,1705120,109127680,55.9978515625,766,49037.52931034483,216404075,35.15584547075454,49037.52931034483,68.32935560859188,0.6349616050720215
13,256,1,2000,0,0,0,0,232,1048576,1048576,243269632,0,0,0,0,0,0,0,0,544,65536,1048576,157548544,545,5245,91890,10226322,545,5245,91890,10226322,479,2,72,24518,1194930176,28671,0,0,2,8,0,70.70588235294117,15406178,15406178,56.9787109375,18763,18763.893577981653,245691059,5.184631421103522,18763.893577981653,51.18580375782881,0.6419024467468262
14,512,64,2000,0,0,0,0,45,1048576,1048576,47185920,0,0,0,0,0,0,0,0,62,1048576,2097152,102760448,62,7051,509045,8972290,62,7051,509045,8972290,126,2,68,4558,1149239296,89169919,0,0,5,2,0,404.64516129032256,11453090,732997760,54.800000000000004,2261,144714.35483870967,170530447,9.886293183492132,144714.35483870967,36.17460317460318,0.6477925777435303
15,8,16,2000,0,0,0,0,215,1048576,1048576,225443840,0,0,0,0,0,0,0,0,445,65536,2097152,193724416,445,2418,942474,52107436,445,2418,942474,52107436,396,17,65,7725,1112473600,74502143,0,0,8,0,1,106.28314606741573,3717788,59484608,53.04687500000001,7318,117095.3617977528,298998461,56.477048097008556,117095.3617977528,19.507575757575758,0.6318426132202148
16,16,128,2000,0,0,0,0,163,1048576,1048576,170917888,0,0,0,0,0,0,0,0,1678,65536,2097152,147587072,1678,2993,218543,70777919,1678,2993,218543,70777919,1791,17,134,181289,1154088960,1376255,0,0,0,7,1,21.473182359952325,2085213,266907264,55.03125,329,42179.92789034565,226068906,19.405889453307022,42179.92789034565,101.22222222222223,0.6374356746673584
17,128,1,2000,0,0,0,0,175,1048576,1048576,183500800,0,0,0,0,0,0,0,0,658,32768,524288,140214272,655,2780,87441,23190751,655,2780,87441,23190751,531,2,132,45439,1180008448,57343,0,0,3,6,0,52.02431610942249,6046128,6046128,56.267187500000006,35405,35405.72671755725,220284519,7.95303491458672,35405.72671755725,85.57250470809792,0.6394164562225342
18,16,256,2000,0,0,0,0,476,1048576,1048576,499122176,0,0,0,0,0,0,0,0,1642,49152,1048576,145014784,1641,929,152190,112779280,1641,929,152190,112779280,1897,2,267,437729,1440661504,46358527,0,0,7,2,1,21.56151035322777,1285828,329171968,68.69609375,268,68725.94759293114,227318352,13.813494788486869,68725.94759293114,230.74802319451766,0.6378443241119385
19,4,64,2000,0,0,0,0,0,0,0,0,0,0,0,0,0,0,0,0,142,65536,2097152,139460608,142,224945,842292,78672973,142,224945,842292,78672973,21,257,257,5397,1284423680,207265791,0,0,6,2,1,239.77464788732394,1772662,113450368,61.24609375,8656,554035.0211267605,230906982,8.990851665581756,554035.0211267605,257.0,0.6268112659454346
20,4,16,2000,0,0,0,0,233,1048576,1048576,244318208,0,0,0,0,0,0,0,0,2896,32768,2097152,154566656,2896,1197,1218603,115817304,2896,1197,1218603,115817304,2807,11,21,49329,1294778368,1048575,0,0,7,0,1,13.030386740331492,1334573,21353168,61.73984375,2499,39992.16298342541,237275348,174.64561629705798,39992.16298342541,17.57356608478803,0.6281628608703613
21,4,16,2000,0,0,0,0,118,1048576,1048576,123731968,0,0,0,0,0,0,0,0,4364,32768,65536,153288704,4365,1093,9050,11437067,4364,1093,9050,11433299,4363,15,22,76605,1240743936,393215,0,0,8,3,1,8.575618698441797,13402798,214444768,59.16328125,163,2619.9126947754353,237906172,17.40175503396177,2620.175715922108,17.55787302314921,0.643934965133667
22,4,64,2000,0,0,0,0,112,1048576,1048576,117440512,0,0,0,0,0,0,0,0,2230,65536,524288,169541632,2230,2659,108951,34037462,2230,2659,108951,34037462,2278,17,74,127653,1152315392,28671,0,0,6,9,1,18.561434977578475,4981030,318785920,54.9466796875,238,15263.435874439461,264286018,14.674504716232029,15263.435874439461,56.03731343283582,0.6421709060668945
23,32,64,2000,0,0,0,0,155,1048576,1048576,162529280,0,0,0,0,0,0,0,0,322,524288,524288,168820736,320,123880,184556,43800884,320,123880,184556,43800884,321,65,67,20973,1108824064,20479,0,0,5,2,1,128.0,3854276,246673664,52.8728515625,2138,136877.7625,267996736,16.36693671718549,136877.7625,65.33644859813084,0.6380152702331543
24,1024,1,2000,0,0,0,0,241,1048576,1048576,252706816,0,0,0,0,0,0,0,0,302,131072,4194304,157417472,302,22895,94112,10582978,302,22895,94112,10582978,240,2,67,13854,1160720384,28671,0,0,3,7,0,127.25827814569537,14874591,14874591,55.3474609375,35042,35042.97350993378,243941620,4.770357926789029,35042.97350993378,57.725,0.6409721374511719
25,16,8,2000,0,0,0,0,205,1048576,1048576,214958080,0,0,0,0,0,0,0,0,1846,65536,4194304,158138368,1846,1096,47061,5234281,1846,1096,47061,5234281,1854,2,11,17315,1194471424,241663,0,0,9,7,1,20.914409534127845,30212051,241696408,56.9568359375,354,2835.4718309859154,244340834,14.516668624290483,2835.4718309859154,9.339266450916936,0.6439595222473145
26,4,2,2000,0,0,0,0,124,1048576,1048576,130023424,0,0,0,0,0,0,0,0,4397,16384,65536,90423296,4397,319,4894,2653675,4397,319,4894,2653675,4390,2,11,18076,1227046912,8191,0,0,4,6,1,5.020695929042529,34074743,68149486,58.51015625,301,603.5194450761883,139829818,29.193726511216095,603.5194450761883,4.1175398633257405,0.6417412757873535
27,8,64,2000,0,0,0,0,267,1048576,1048576,279969792,0,0,0,0,0,0,0,0,4935,16384,32768,148946944,4935,326,30220,36050658,4935,326,30220,36050658,4997,2,70,273150,1285042176,1314815,0,0,6,1,0,7.368591691995947,4131601,264422464,61.2755859375,114,7305.097872340426,232915482,18.136341776670097,7305.097872340426,54.66279767860716,0.6399135589599609
28,8,128,2000,0,0,0,0,211,1048576,1048576,221249536,0,0,0,0,0,0,0,0,3698,32768,131072,148307968,3699,6575,83300,75038375,3699,6575,83300,75038375,3763,59,135,431905,1329508352,28671,0,0,0,8,1,9.791238507301244,1976428,252982784,63.395898437499994,158,20286.124628277914,231603769,18.051256860395714,20286.124628277914,114.77677385065108,0.6395702362060547
29,2,16,2000,0,0,0,0,59,1048576,1048576,61865984,0,0,0,0,0,0,0,0,1206,65536,2097152,149454848,1206,2991,83978,33246833,1206,2991,83978,33246833,1091,16,134,40849,1228288000,28671,0,0,7,3,1,30.255389718076284,4495310,71924960,58.5693359375,1722,27567.85489220564,235529469,24.335683248328298,27567.85489220564,37.44179651695692,0.6382315158843994
30,16,128,2000,0,0,0,0,161,1048576,1048576,168820736,0,0,0,0,0,0,0,0,2265,65536,65536,148439040,2265,2870,44288,70866679,2265,2870,44288,70866679,2378,17,132,254769,1200893952,1036287,0,0,9,4,1,16.0,2094623,268111744,57.2630859375,244,31287.716997792493,231779805,18.25236562845915,31287.716997792493,107.13582842724979,0.6392333507537842
31,8,32,2000,0,0,0,0,198,1048576,1048576,207618048,0,0,0,0,0,0,0,0,3407,16384,65536,127975424,3408,887,93796,35673736,3407,887,93796,35667862,3308,5,133,146447,1239740416,143359,0,0,3,5,1,9.170531259172293,3587384,114796288,59.1154296875,327,10468.993836219548,198438802,25.783361263418584,10467.645539906103,44.27055622732769,0.6425068378448486
32,1024,32,2000,0,0,0,0,79,1048576,1048576,82837504,0,0,0,0,0,0,0,0,806,32768,4194304,97157120,806,2981,525706,7882916,806,2981,525706,7882916,806,10,37,26624,1223520256,69693439,0,0,3,9,0,29.429280397022332,12325022,394400704,58.341992187500004,305,9780.292803970224,152434081,10.060833256481873,9780.292803970224,33.03225806451613,0.6390044689178467
33,8,8,2000,0,0,0,0,305,1048576,1048576,319815680,0,0,0,0,0,0,0,0,1062,32768,4194304,201261056,1061,595,927343,28186042,1060,595,927343,28185226,1037,8,33,9971,1263398912,28671,0,0,9,7,1,46.26741996233522,7140451,57123608,60.2435546875,3323,26589.835849056602,319847839,59.71500439631362,26565.543826578698,9.615236258437802,0.6334419250488281
34,8,1,2000,0,0,0,0,84,1048576,1048576,88080384,0,0,0,0,0,0,0,0,2337,32768,32768,76578816,2338,528,8473,2152227,2337,528,8473,2151564,2331,1,11,11275,1266716672,135167,0,0,3,4,1,8.0,35581198,35581198,60.4017578125,920,920.6521181001284,116170545,23.789170804732,920.5419161676647,4.836979836979837,0.6453573703765869
35,128,64,2000,0,0,0,0,326,1048576,1048576,341835776,0,0,0,0,0,0,0,0,543,32768,524288,137723904,543,518,212594,30325390,543,518,212594,30325390,606,2,69,18371,1393192960,20074495,0,0,5,1,0,61.92265193370166,4541537,290658368,66.4326171875,872,55847.86372007366,218943269,29.750676447467033,55847.86372007366,30.315181518151814,0.6343824863433838
36,8,8,2000,0,0,0,0,179,1048576,1048576,187695104,0,0,0,0,0,0,0,0,2842,32768,524288,146702336,2842,602,164103,21185402,2842,602,164103,21185402,2785,8,67,28880,1417900032,511999,0,0,0,3,1,12.602392681210414,6924689,55397512,67.6107421875,931,7454.399014778325,226611828,57.04106670821997,7454.399014778325,10.36983842010772,0.6417765617370605
37,1,32,2000,0,0,0,0,56,1048576,1048576,58720256,0,0,0,0,0,0,0,0,4106,32768,32768,134545408,4105,622,55361,18679961,4105,622,55361,18679961,4131,8,36,119567,1334771712,24575,0,0,3,4,1,8.0,7202660,230485120,63.646875,142,4550.538611449452,211293441,19.652449049379936,4550.538611449452,28.943839264100703,0.6372356414794922
38,8,256,2000,0,0,0,0,164,1048576,1048576,171966464,0,0,0,0,0,0,0,0,4381,32768,32768,143556608,4380,3079,44966,141385711,4380,3079,44966,141385711,4606,32,261,982892,1307013120,602111,0,0,7,9,1,8.0,1015354,259930624,62.32324218750001,126,32279.842694063926,224161485,18.90860789497453,32279.842694063926,213.39383412939645,0.6410007476806641
39,512,256,2000,0,0,0,0,37,1048576,1048576,38797312,0,0,0,0,0,0,0,0,1000,32768,2097152,94699520,1000,37638,512869,50836629,1000,37638,512869,50836629,999,137,261,244004,1254780928,99897343,0,0,7,8,0,23.12,1862820,476881920,59.832617187500006,198,50836.629,149296295,9.002382408012881,50836.629,244.24824824824825,0.6372096538543701
40,256,64,2000,0,0,0,0,0,0,0,0,0,0,0,0,0,0,0,0,61,2097152,2097152,127926272,61,595005,1215685,54690603,61,595005,1215685,54690603,9,257,258,2314,1118466048,266219519,0,0,5,4,1,512.0,2339090,149701760,53.3326171875,14008,896567.262295082,217381820,6.810705016218988,896567.262295082,257.1111111111111,0.6336736679077148
41,128,1,2000,0,0,0,0,8,1048576,1048576,8388608,0,0,0,0,0,0,0,0,95,1048576,2097152,183988224,95,1121750,1900109,148711105,95,1121750,1900109,148711105,0,0,0,0,933429248,598147071,0,0,6,6,1,472.8315789473684,1237219,1237219,44.509375,1565380,1565380.0526315789,305345238,0,1565380.0526315789,0,0.6062736511230469
42,32,128,2000,0,0,0,0,29,1048576,1048576,30408704,0,0,0,0,0,0,0,0,189,106496,2097152,168665088,189,127592,2595397,203276349,189,127592,2595397,203276349,213,104,130,26955,788881408,932814847,0,0,9,2,1,217.87301587301587,829732,106205696,37.616796875000006,8402,1075536.238095238,269308279,39.008735259139215,1075536.238095238,126.54929577464789,0.6129646301269531
43,256,128,2000,0,0,0,0,0,0,0,0,0,0,0,0,0,0,0,0,301,131072,2097152,117047296,301,55585,3115013,122339313,301,55585,3115013,122339313,287,120,129,36526,655450112,1155604479,0,0,2,0,0,94.93687707641196,956743,122463104,31.254296874999998,3175,406442.9003322259,175388688,33.63910110047398,406442.9003322259,127.26829268292683,0.626000165939331
44,1024,32,2000,0,0,0,0,353,1048576,1048576,370147328,0,0,0,0,0,0,0,0,103,1048576,4194304,130613248,104,25967,3483533,55884895,104,25967,3483533,55884895,40,1,34,764,832446464,1036410879,0,0,4,1,0,309.59223300970876,2337183,74789856,39.694140625,16792,537354.7596153846,213810056,90.87358805620819,537354.7596153846,19.1,0.6309707164764404
45,2,16,2000,0,0,0,0,5,1048576,1048576,5242880,0,0,0,0,0,0,0,0,34,3145728,4194304,138506240,34,204664,840014,15511552,34,204664,840014,15511552,19,17,33,419,708620288,1156771839,0,0,8,7,1,994.5588235294117,8929231,142867696,33.7896484375,28513,456222.1176470588,264272940,20.80105868764374,456222.1176470588,22.05263157894737,0.628227710723877
46,2,2,2000,0,0,0,0,283,1048576,1048576,296747008,0,0,0,0,0,0,0,0,33,3211264,4194304,137166848,33,54182,916412,8744018,33,54182,916412,8744018,19,3,18,139,886349824,8191,0,0,3,4,1,1014.7878787878788,15686935,31373870,42.264453125,132485,264970.24242424243,187905831,35.69115748967955,264970.24242424243,7.315789473684211,0.6229016780853271
47,1024,8,2000,0,0,0,0,151,1048576,1048576,158334976,0,0,0,0,0,0,0,0,33,3801088,4194304,138018816,33,51928,199213,4614872,33,51928,199213,4614872,39,3,10,311,859492352,28671,0,0,9,9,0,1021.0909090909091,29907398,239259184,40.983789062499994,17480,139844.60606060605,256811603,17.174556389186613,139844.60606060605,7.9743589743589745,0.635448694229126
48,512,64,2000,0,0,0,0,86,1048576,1048576,90177536,0,0,0,0,0,0,0,0,32,3145728,4194304,132104192,32,180510,502477,8920439,32,180510,502477,8920439,88,9,66,3813,812953600,50745343,0,0,5,6,1,1007.875,14809158,947786112,38.7646484375,4355,278763.71875,180470471,6.383302760105892,278763.71875,43.32954545454545,0.6377995014190674
49,16,128,2000,0,0,0,0,46,1048576,1048576,48234496,0,0,0,0,0,0,0,0,40,1077248,4194304,162033664,40,564610,1188836,35198954,40,564610,1188836,35198954,104,65,130,11017,688668672,158760959,0,0,9,6,1,988.975,4603365,589230720,32.83828125,6874,879973.85,279018498,8.399519506957416,879973.85,105.9326923076923,0.6374127864837646
50,2,4,2000,0,0,0,0,146,1048576,1048576,153092096,0,0,0,0,0,0,0,0,3645,8192,4194304,106766336,3645,275,1399798,106769569,3644,275,1399798,106769237,3521,2,129,21827,699494400,12287,0,0,5,8,1,7.151165980795611,999969,3999876,33.3544921875,7325,29300.010153677278,115514688,660.7620247503288,29292.06282578875,6.199091167282022,0.60992431640625
51,1024,32,2000,0,0,0,0,135,1048576,1048576,141557760,0,0,0,0,0,0,0,0,1377,8192,2097152,121995264,1378,280,454411,14300859,1378,280,454411,14300859,1404,2,34,9710,695328768,348045311,0,0,1,8,0,21.62962962962963,8530624,272979968,33.155859375,324,10377.981857764877,190049339,69.37639071853458,10377.981857764877,6.915954415954416,0.6416091918945312
52,128,16,2000,0,0,0,0,404,1048576,1048576,423624704,0,0,0,0,0,0,0,0,44,524288,4194304,141410304,45,227513,526191,17457949,45,227513,526191,17457949,29,17,33,615,906240000,348954623,0,0,6,6,1,784.6363636363636,8100052,129600832,43.212890625,24247,387954.4222222222,251831996,23.314985910852425,387954.4222222222,21.20689655172414,0.6377463340759277
53,1,4,2000,0,0,0,0,97,1048576,1048576,101711872,0,0,0,0,0,0,0,0,1375,8192,4194304,121700352,1375,290,237069,7110419,1375,290,237069,7110419,1363,2,17,7999,861442048,12287,0,0,5,7,1,21.608727272727272,17115777,68463108,41.0767578125,1292,5171.213818181818,163341249,40.77776944536618,5171.213818181818,5.868672046955246,0.6297225952148438
54,256,2,2000,0,0,0,0,321,1048576,1048576,336592896,0,0,0,0,0,0,0,0,307,8192,4194304,131604480,307,306,73906,2265548,307,306,73906,2265548,307,3,8,1684,992768000,28671,0,0,3,9,0,104.65798045602605,58089468,116178936,47.3388671875,3689,7379.635179153094,209724258,12.854607802477021,7379.635179153094,5.485342019543974,0.6315338611602783
55,16,1,2000,0,0,0,0,220,1048576,1048576,230686720,0,0,0,0,0,0,0,0,295,65536,4194304,118947840,295,733,67212,1614442,295,733,67212,1614442,296,2,4,767,1098510336,12287,0,0,4,9,1,98.44067796610169,73677369,73677369,52.3810546875,5472,5472.684745762712,187812244,21.45468696685954,5472.684745762712,2.5912162162162162,0.6350739002227783
56,64,128,2000,0,0,0,0,217,1048576,1048576,227540992,0,0,0,0,0,0,0,0,311,16384,4194304,143122432,309,485,488065,52157023,309,485,488065,52157023,438,2,131,35857,1143996416,43220991,0,0,9,4,0,112.35369774919614,2744068,351240704,54.55,1318,168792.95469255664,228323995,18.351311387464538,168792.95469255664,81.86529680365297,0.6379153728485107
57,4,8,2000,0,0,0,0,98,1048576,1048576,102760448,0,0,0,0,0,0,0,0,273,524288,524288,143130624,273,19001,673969,55797092,273,19001,673969,55797092,153,9,130,6477,1069240320,12287,0,0,9,7,1,128.0,2565198,20521584,50.9853515625,25548,204384.95238095237,224690024,37.71867969628796,204384.95238095237,42.333333333333336,0.6395807266235352
58,32,1,2000,0,0,0,0,155,1048576,1048576,162529280,0,0,0,0,0,0,0,0,394,49152,4182016,129499136,394,900,31134,2477317,394,900,31134,2477317,386,2,10,1287,1062060032,53247,0,0,3,2,0,80.24365482233503,52273946,52273946,50.642968749999994,6287,6287.606598984771,195747195,23.500841734457623,6287.606598984771,3.3341968911917097,0.6424949169158936
59,8,8,2000,0,0,0,0,160,1048576,1048576,167772160,0,0,0,0,0,0,0,0,784,12288,4182016,118554624,784,619,54151,5233531,784,619,54151,5233531,790,2,13,7125,1089966080,114687,0,0,9,1,1,36.91836734693877,22652894,181223152,51.9736328125,834,6675.422193877551,186813808,20.04834254652663,6675.422193877551,9.018987341772151,0.6366207599639893
60,512,2,2000,0,0,0,0,234,1048576,1048576,245366784,0,0,0,0,0,0,0,0,181,32768,4194304,115867648,182,755,119689,3321146,182,755,119689,3321146,175,3,13,1486,1173356544,4546559,0,0,2,2,0,156.28729281767957,34887851,69775702,55.95,9124,18248.054945054944,180182486,13.750299276672191,18248.054945054944,8.491428571428571,0.6426095962524414
61,8,2,2000,0,0,0,0,165,1048576,1048576,173015040,0,0,0,0,0,0,0,0,1139,4096,3964928,122499072,1139,489,50435,2090197,1139,489,50435,2090197,1140,2,6,3953,1218596864,28671,0,0,4,4,1,26.257243195785776,58606472,117212944,58.1072265625,917,1835.1158911325724,190457270,20.155445706633646,1835.1158911325724,3.4675438596491226,0.6387205123901367
62,8,32,2000,0,0,0,0,187,1048576,1048576,196083712,0,0,0,0,0,0,0,0,1269,12288,4194304,138936320,1269,568,72448,17997160,1269,568,72448,17997160,1299,3,38,37227,1235161088,28671,0,0,4,8,1,26.72970843183609,7719902,247036864,58.8970703125,443,14182.159180457053,218640522,18.513956794140586,14182.159180457053,28.658198614318707,0.635490894317627
63,32,8,2000,0,0,0,0,202,1048576,1048576,211812352,0,0,0,0,0,0,0,0,637,32768,4120576,134995968,637,2829,52059,9739653,637,2829,52059,9739653,613,8,41,10616,1277820928,327679,0,0,9,5,0,51.73940345368917,13860449,110883592,60.931250000000006,1911,15289.87912087912,213818741,17.064053323123723,15289.87912087912,17.31810766721044,0.6382291316986084
64,512,1,2000,0,0,0,0,245,1048576,1048576,256901120,0,0,0,0,0,0,0,0,151,131072,4194304,129499136,150,3402,121766,2741797,150,3402,121766,2741797,144,2,12,1098,1362219008,3649535,0,0,2,9,0,209.3774834437086,47231482,47231482,64.95566406249999,18278,18278.646666666667,203774059,11.449175543682664,18278.646666666667,7.625,0.6345608234405518
65,64,16,2000,0,0,0,0,243,1048576,1048576,254803968,0,0,0,0,0,0,0,0,234,65536,4194304,121765888,235,10793,111682,8889743,235,10793,111682,8889743,249,2,18,4074,1449918464,1638399,0,0,5,6,0,127.04273504273505,13697346,219157536,69.1375,2364,37828.69361702128,191511163,18.19909663595458,37828.69361702128,16.36144578313253,0.6404457092285156
66,1024,128,2000,0,0,0,0,50,1048576,1048576,52428800,0,0,0,0,0,0,0,0,69,262144,4194304,119537664,69,31851,518425,9046332,69,31851,518425,9046332,181,15,132,12643,1385168896,106446847,0,0,9,2,0,422.95652173913044,13213937,1691383936,66.05,1024,131106.26086956522,208764218,4.4376816391533485,131106.26086956522,69.85082872928177,0.6348199844360352
67,512,4,2000,0,0,0,0,0,0,0,0,0,0,0,0,0,0,0,0,29,3145728,4194304,120586240,29,600922,1222281,26390390,29,600922,1222281,26390390,5,129,129,645,1251999744,285720575,0,0,5,2,1,1015.1724137931035,4569323,18277292,59.699999999999996,227503,910013.448275862,201894167,6.948935688405797,910013.448275862,129.0,0.6230249404907227
68,1,16,2000,0,0,0,0,0,0,0,0,0,0,0,0,0,0,0,0,13,4194304,4194304,54525952,13,1310423,1654042,18924947,13,1310423,1654042,18924947,0,0,0,0,1184890880,375021567,0,0,9,2,1,1024.0,2881168,46098688,56.49999999999999,90985,1455765.1538461538,115018475,0,1455765.1538461538,0,0.62149977684021
69,512,32,2000,0,0,0,0,0,0,0,0,0,0,0,0,0,0,0,0,39,2097152,4194304,160432128,40,1621333,2598353,90838449,40,1621333,2598353,90838449,0,0,0,0,1020264448,592535551,0,0,9,2,1,1004.3076923076923,1766125,56516000,48.65,70967,2270961.225,265515607,0,2270961.225,0,0.601494550704956
70,32,8,2000,0,0,0,0,0,0,0,0,0,0,0,0,0,0,0,0,28,4194304,4194304,117440512,28,2568867,3292461,76767734,28,2568867,3292461,76767734,0,0,0,0,894435328,766337023,0,0,9,2,1,1024.0,1529816,12238528,42.65,342713,2741704.785714286,195016638,0,2741704.785714286,0,0.6059300899505615
71,16,128,2000,0,0,0,0,203,1048576,1048576,212860928,0,0,0,0,0,0,0,0,354,65536,4194304,122814464,354,90732,3719080,115422586,354,90732,3719080,115422586,467,12,134,52319,936247296,710414335,0,0,9,4,1,84.70056497175142,1064041,136197248,44.64375,2547,326052.50282485876,142871421,34.36043688472508,326052.50282485876,112.0321199143469,0.6172552108764648
72,1024,1,2000,0,0,0,0,828,1048576,1048576,868220928,0,0,0,0,0,0,0,0,215,65536,4194304,131596288,215,26233,239386,37455041,215,26233,239386,37455041,88,2,130,8612,1516240896,134946815,0,0,2,4,0,149.43255813953488,3513446,3513446,72.3,174209,174209.4930232558,206610559,11.912563719807256,174209.4930232558,97.86363636363636,0.6277415752410889
73,1024,16,2000,0,0,0,0,216,1048576,1048576,226492416,0,0,0,0,0,0,0,0,28,4194304,4194304,117440512,29,40553,369633,5931278,29,40553,369633,5931278,42,2,18,557,1681915904,4268031,0,0,6,0,1,1024.0,19800203,316803248,80.2,12782,204526.8275862069,223315188,15.060674439345632,204526.8275862069,13.261904761904763,0.633105993270874
74,32,128,2000,0,0,0,0,136,1048576,1048576,142606336,0,0,0,0,0,0,0,0,220,131072,4194304,127926272,220,152032,849426,67457036,220,152032,849426,67457036,331,17,131,35820,1671430144,43655167,0,0,9,6,1,141.96363636363637,1896411,242740608,79.7,2395,306622.89090909093,169566774,19.958590657207942,306622.89090909093,108.21752265861028,0.63688063621521
75,16,2,2000,0,0,0,0,155,1048576,1048576,162529280,0,0,0,0,0,0,0,0,664,65536,4194304,121372672,664,697,260466,43714552,664,697,260466,43714552,538,2,131,11456,1700401152,12287,0,0,0,6,1,44.626506024096386,2776482,5552964,81.0814453125,32917,65835.1686746988,181434140,69.28103031261689,65835.1686746988,21.29368029739777,0.6401183605194092
76,128,256,2000,0,0,0,0,49,1048576,1048576,51380224,0,0,0,0,0,0,0,0,294,65536,4194304,113508352,293,680,502938,30705315,293,680,502938,30705315,547,3,260,67752,1630273536,86163455,0,0,7,6,0,94.25850340136054,3696700,946355200,77.7375,409,104796.29692832765,180197370,8.976160372107483,104796.29692832765,123.86106032906764,0.644909143447876
77,4,64,2000,0,0,0,0,41,1048576,1048576,42991616,0,0,0,0,0,0,0,0,184,524288,4194304,125304832,184,906915,1029540,179856757,184,906915,1029540,179856757,0,0,0,0,1529085952,173244415,0,0,3,0,1,166.2608695652174,696692,44588288,72.91250000000001,15273,977482.375,205723153,0,977482.375,0,0.6058883666992188
78,2,2,2000,0,0,0,0,110,1048576,1048576,115343360,0,0,0,0,0,0,0,0,644,65536,4194304,116588544,644,661,1479586,61783170,644,661,1479586,61783170,579,3,65,3228,1482358784,286719,0,0,3,9,1,44.19875776397515,1887059,3774118,70.684375,47968,95936.59937888199,184730459,389.3312771914592,95936.59937888199,5.575129533678757,0.6230084896087646
79,8,32,2000,0,0,0,0,89,1048576,1048576,93323264,0,0,0,0,0,0,0,0,502,32768,4194304,112263168,502,724,244063,17831175,502,724,244063,17831175,533,3,38,13541,1433767936,20479,0,0,4,5,1,54.59760956175299,6295892,201468544,68.3673828125,1110,35520.268924302785,175484403,25.608202042483413,35520.268924302785,25.405253283302063,0.6417355537414551
80,32,16,2000,0,0,0,0,141,1048576,1048576,147849216,0,0,0,0,0,0,0,0,97,32768,4194304,114098176,98,72439,338933,14915882,98,72439,338933,14915882,83,16,38,1943,1424097280,3301375,0,0,9,3,0,287.17525773195877,7649442,122391072,67.90625,9512,152202.8775510204,193918978,22.640245694925742,152202.8775510204,23.40963855421687,0.638359785079956
81,16,16,2000,0,0,0,0,146,1048576,1048576,153092096,0,0,0,0,0,0,0,0,162,65536,4194304,137101312,162,4316,282477,11654735,162,4316,282477,11654735,161,15,23,2902,1414098944,28671,0,0,7,5,1,206.6172839506173,11763571,188217136,67.42949218749999,4496,71942.80864197531,209032358,19.317423820833657,71942.80864197531,18.024844720496894,0.6335813999176025
82,128,32,2000,0,0,0,0,104,1048576,1048576,109051904,0,0,0,0,0,0,0,0,79,65536,4194304,123777024,78,42974,388871,12318682,78,42974,388871,12318682,95,17,35,2515,1375621120,49590271,0,0,3,9,0,382.5189873417722,10047911,321533152,65.5947265625,4935,157931.8205128205,192291926,15.595606189445514,157931.8205128205,26.473684210526315,0.6373293399810791
83,16,8,2000,0,0,0,0,211,1048576,1048576,221249536,0,0,0,0,0,0,0,0,37,524288,4194304,119537664,37,469442,660143,22036870,37,469442,660143,22036870,13,9,33,267,1399545856,8191,0,0,9,2,1,788.7567567567568,5424439,43395512,66.735546875,74448,595591.0810810811,230612438,36.76522125919902,595591.0810810811,20.53846153846154,0.6240513324737549
84,128,32,2000,0,0,0,0,82,1048576,1048576,85983232,0,0,0,0,0,0,0,0,77,65536,4194304,116916224,76,1293,458769,10217742,76,1293,458769,10217742,102,7,35,2156,1356746752,64925695,0,0,3,5,0,370.7012987012987,11442471,366159072,64.69472656250001,4201,134443.97368421053,144241881,17.158078400000846,134443.97368421053,21.137254901960784,0.6405537128448486
85,8,2,2000,0,0,0,0,188,1048576,1048576,197132288,0,0,0,0,0,0,0,0,128,32768,4194304,126746624,128,566,939241,22632398,128,566,939241,22632398,96,3,6,351,1362341888,28671,0,0,1,7,1,241.75,5600229,11200458,64.9615234375,88407,176815.609375,202888523,200.0406402743528,176815.609375,3.65625,0.6071395874023438
86,64,16,2000,0,0,0,0,161,1048576,1048576,168820736,0,0,0,0,0,0,0,0,99,32768,4194304,119275520,99,593,259227,7903792,99,593,259227,7903792,113,3,19,1173,1371430912,8191,0,0,8,4,0,294.14141414141415,15090923,241454768,65.394921875,4989,79836.28282828283,201277189,26.14716234319815,79836.28282828283,10.380530973451327,0.6355600357055664
87,16,4,2000,0,0,0,0,162,1048576,1048576,169869312,0,0,0,0,0,0,0,0,155,65536,4194304,117506048,154,949,235783,6746434,154,949,235783,6746434,143,4,18,939,1375666176,393215,0,0,5,2,1,185.08387096774194,17417505,69670020,65.596875,10952,43808.01298701299,175829558,36.04586288475501,43808.01298701299,6.566433566433567,0.6350362300872803
88,32,8,2000,0,0,0,0,151,1048576,1048576,158334976,0,0,0,0,0,0,0,0,78,90112,4194304,111149056,78,24681,145093,5053971,78,24681,145093,5053971,83,5,14,814,1379926016,3825663,0,0,9,4,1,347.8974358974359,21992420,175939360,65.8,8099,64794.5,188395483,18.99068379023052,64794.5,9.80722891566265,0.6379315853118896
89,32,64,2000,0,0,0,0,64,1048576,1048576,67108864,0,0,0,0,0,0,0,0,67,131072,4194304,124649472,67,44622,513049,17413491,67,44622,513049,17413491,122,9,67,5502,1312948224,102875135,0,0,5,2,1,454.2089552238806,7158212,458125568,62.606249999999996,4060,259902.85074626867,190122873,12.688041636995782,259902.85074626867,45.09836065573771,0.6370973587036133
90,16,32,2000,0,0,0,0,233,1048576,1048576,244318208,0,0,0,0,0,0,0,0,1309,65536,4194304,128909312,1309,9989,588413,38415718,1309,9989,588413,38415718,1277,30,66,45135,1408471040,28671,0,0,2,8,1,24.0427807486631,3355639,107380448,67.1611328125,917,29347.378151260506,188157343,34.53520692934472,29347.378151260506,35.34455755677369,0.6367228031158447
91,8,32,2000,0,0,0,0,121,1048576,1048576,126877696,0,0,0,0,0,0,0,0,1799,24576,524288,121196544,1799,1346,28619,22070215,1799,1346,28619,22070215,1799,12,37,60138,1389596672,28671,0,0,4,3,1,16.44747081712062,5491407,175725024,66.2611328125,383,12268.046136742634,190610911,22.313025341769134,12268.046136742634,33.42857142857143,0.6362125873565674
92,256,256,2000,0,0,0,0,62,1048576,1048576,65011712,0,0,0,0,0,0,0,0,464,32768,1048576,121372672,464,3792,523697,29593442,464,3792,523697,29593442,689,21,259,70006,1322889216,103624703,0,0,7,9,0,63.86206896551724,4101336,1049942016,63.0802734375,249,63778.96982758621,194277960,9.829206834145781,63778.96982758621,101.60522496371553,0.632775068283081
93,1024,8,2000,0,0,0,0,23,1048576,1048576,24117248,0,0,0,0,0,0,0,0,110,1048576,1048576,115343360,111,583542,1227598,101332322,111,583542,1227598,101332322,16,257,257,4112,1214361600,269856767,0,0,2,3,0,256.0,1138268,9106144,57.90527343750001,114112,912903.8018018018,185649123,13.875604964156764,912903.8018018018,257.0,0.6227309703826904
94,32,16,2000,0,0,0,0,0,0,0,0,0,0,0,0,0,0,0,0,35,1048576,1048576,36700160,35,1294444,1943293,50402757,35,1294444,1943293,50402757,0,0,0,0,1168224256,334278655,0,0,7,3,1,256.0,728137,11650192,55.705273437500004,90004,1440078.7714285713,67051364,0,1440078.7714285713,0,0.6255359649658203
95,256,8,2000,0,0,0,0,692,1048576,1048576,725614592,0,0,0,0,0,0,0,0,175,983040,4194304,186531840,175,48765,2125682,193708171,175,48765,2125682,193708171,79,9,10,742,1560522752,1470463,0,0,0,7,1,260.22857142857146,962952,7703616,74.41152343750001,138362,1106903.8342857142,296812798,452.87474265093203,1106903.8342857142,9.39240506329114,0.60371994972229
96,256,2,2000,0,0,0,0,196,1048576,1048576,205520896,0,0,0,0,0,0,0,0,111,1048576,1048576,116391936,110,14337,61196,3016109,110,14337,61196,3016109,104,3,10,451,1605443584,835583,0,0,3,5,1,256.0,38590096,77180192,76.553515625,13709,27419.172727272726,189591472,24.69853419169522,27419.172727272726,4.336538461538462,0.6305012702941895
97,512,32,2000,0,0,0,0,187,1048576,1048576,196083712,0,0,0,0,0,0,0,0,66,1048576,2097152,116371456,66,14437,417577,11424543,66,14437,417577,11424543,96,3,34,2134,1643888640,516095,0,0,3,8,0,430.469696969697,10186092,325954944,78.38671875,5409,173099.13636363635,186617452,18.089607108299226,173099.13636363635,22.229166666666668,0.6350710391998291
98,32,4,2000,0,0,0,0,177,1048576,1048576,185597952,0,0,0,0,0,0,0,0,314,131072,2097152,138936320,314,1642,383438,16687889,314,1642,383438,16687889,286,5,34,1987,1666764800,28671,0,0,5,2,1,108.02547770700637,8325577,33302308,79.4775390625,13286,53146.14331210191,211758482,70.81311920763262,53146.14331210191,6.9475524475524475,0.6415755748748779
99,4,8,2000,0,0,0,0,79,1048576,1048576,82837504,0,0,0,0,0,0,0,0,1331,32768,1048576,120389632,1331,668,16596,5712553,1331,668,16596,5712553,1334,5,13,12337,1621716992,28671,0,0,9,5,1,22.082644628099175,21074575,168596600,77.32949218750001,536,4291.925619834711,186242371,21.01586975598936,4291.925619834711,9.248125937031483,0.6389057636260986
100,1024,256,2000,0,0,0,0,36,1048576,1048576,37748736,0,0,0,0,0,0,0,0,252,32768,4194304,116916224,252,1113,518065,7608080,252,1113,518065,7608080,499,5,258,41111,1530249216,105062399,0,0,7,6,0,113.26984126984127,15367375,3934048000,72.96796875,117,30190.79365079365,188463049,3.235211984332475,30190.79365079365,82.3867735470942,0.6332798004150391
101,256,32,2000,0,0,0,0,2,1048576,1048576,2097152,0,0,0,0,0,0,0,0,26,3932160,4194304,108789760,27,639503,1258605,25738654,27,639503,1258605,25738654,6,257,257,1542,1402585088,275980287,0,0,6,2,1,1021.5384615384615,4226707,135254624,66.88046875,29790,953283.4814814815,203355964,3.631066657464271,953283.4814814815,257.0,0.6424567699432373
102,128,8,2000,0,0,0,0,0,0,0,0,0,0,0,0,0,0,0,0,29,4063232,4194304,121487360,29,1401528,1839242,46522044,29,1401528,1839242,46522044,0,0,0,0,1268514816,439001087,0,0,3,2,1,1022.7586206896551,2611393,20891144,60.487500000000004,200526,1604208.4137931035,180489827,0,1604208.4137931035,0,0.6036334037780762
103,512,128,2000,0,0,0,0,0,0,0,0,0,0,0,0,0,0,0,0,26,4194304,4194304,109051904,26,1914415,2572599,57415764,26,1914415,2572599,57415764,0,0,0,0,1146880000,569999359,0,0,4,2,1,1024.0,1899337,243115136,54.6875,17252,2208298.6153846155,182764078,0,2208298.6153846155,0,0.6197140216827393
104,512,16,2000,0,0,0,0,5,1048576,1048576,5242880,0,0,0,0,0,0,0,0,29,4194304,4194304,121634816,29,2434105,3283770,82761625,29,2434105,3283770,82761625,0,0,0,0,1022099456,703356927,0,0,3,2,1,1024.0,1469700,23515200,48.7375,178365,2853849.1379310344,189366619,0,2853849.1379310344,0,0.6201753616333008
105,256,1,2000,0,0,0,0,0,0,0,0,0,0,0,0,0,0,0,0,25,4194304,4194304,104857600,25,3181146,4046092,91077575,25,3181146,4046092,91077575,0,0,0,0,904658944,832372735,0,0,5,2,1,1024.0,1151299,1151299,43.1375,3643103,3643103.0,184598251,0,3643103.0,0,0.6134738922119141
106,16,4,2000,0,0,0,0,0,0,0,0,0,0,0,0,0,0,0,0,31,3145728,4194304,127926272,30,4078058,4732521,135468222,30,4078058,4732521,135468222,0,0,0,0,756809728,994836479,0,0,0,2,1,1007.483870967742,944326,3777304,36.0875,1128901,4515607.4,172398243,0,4515607.4,0,0.6203935146331787
107,256,8,2000,0,0,0,0,0,0,0,0,0,0,0,0,0,0,0,0,27,3145728,4194304,110886912,27,4839886,5479828,140241067,27,4839886,5479828,140241067,0,0,0,0,644874240,1115013119,0,0,2,2,1,1002.6666666666666,790687,6325496,30.75,649264,5194113.592592592,195248703,0,5194113.592592592,0,0.6099951267242432
108,64,4,2000,0,0,0,0,35,1048576,1048576,36700160,0,0,0,0,0,0,0,0,26,4194304,4194304,109051904,26,5553018,6173803,152176687,26,5553018,6173803,152176687,0,0,0,0,562036736,1206329343,0,0,4,0,1,1024.0,716613,2866452,26.8,1463237,5852949.5,193330776,0,5852949.5,0,0.6083629131317139
109,8,1,2000,0,0,0,0,246,1048576,1048576,257949696,0,0,0,0,0,0,0,0,36,131072,4194304,101711872,36,1919,6843328,143742887,36,1919,6843328,143742887,17,2,3,43,673386496,937148415,0,0,3,0,1,689.7777777777778,707595,707595,32.109570312500004,3992857,3992857.972222222,151730348,2288.5221984760847,3992857.972222222,2.5294117647058822,0.615635871887207
110,512,128,2000,0,0,0,0,143,1048576,1048576,149946368,0,0,0,0,0,0,0,0,50,131072,4194304,90963968,50,1692,505352,9932991,50,1692,505352,9932991,176,2,130,13343,847249408,616128511,0,0,9,0,0,444.16,9157762,1172193536,40.400000000000006,1552,198659.82,161394155,5.899697917136876,198659.82,75.8125,0.6125469207763672
111,8,2,2000,0,0,0,0,26,1048576,1048576,27262976,0,0,0,0,0,0,0,0,46,1572864,4194304,97964032,46,593948,1240274,41593142,46,593948,1240274,41593142,8,129,129,1032,808005632,644607999,0,0,2,2,1,519.9347826086956,2355292,4710584,38.5287109375,452099,904198.7391304348,138839452,13.481099526041776,904198.7391304348,129.0,0.6183388233184814
112,32,16,2000,0,0,0,0,3,1048576,1048576,3145728,0,0,0,0,0,0,0,0,43,2097152,4194304,96468992,43,1292602,1842150,68976589,43,1292602,1842150,68976589,0,0,0,0,701050880,755937279,0,0,3,4,1,547.7209302325581,1398575,22377200,33.4287109375,100256,1604106.7209302327,159940237,0,1604106.7209302327,0,0.6186065673828125
113,256,32,2000,0,0,0,0,162,1048576,1048576,169869312,0,0,0,0,0,0,0,0,62,262144,4194304,130101248,62,59843,2330728,78585217,62,59843,2330728,78585217,53,22,35,1614,716701696,838615039,0,0,3,4,1,512.3064516129032,1655543,52977376,34.175,39609,1267503.5,211839086,81.244071810346,1267503.5,30.452830188679247,0.6120970249176025
114,2,1,2000,0,0,0,0,321,1048576,1048576,336592896,0,0,0,0,0,0,0,0,665,32768,4194304,94502912,665,515,2747568,22262958,665,515,2747568,22262958,635,1,34,2056,944353280,28671,0,0,3,7,1,34.694736842105264,4244849,4244849,45.0302734375,33478,33478.132330827066,142185646,298.0219410004614,33478.132330827066,3.237795275590551,0.6233682632446289
115,512,1,2000,0,0,0,0,182,1048576,1048576,190840832,0,0,0,0,0,0,0,0,222,32768,2097152,112132096,222,554,38377,1468788,222,554,38377,1468788,222,2,3,559,984711168,65535,0,0,2,6,0,123.31531531531532,76343281,76343281,46.9546875,6616,6616.1621621621625,179726788,21.30739171665191,6616.1621621621625,2.518018018018018,0.6271517276763916
116,128,4,2000,0,0,0,0,232,1048576,1048576,243269632,0,0,0,0,0,0,0,0,167,524288,2097152,135266304,167,8212,44271,3074321,167,8212,44271,3074321,170,2,6,896,1061163008,28671,0,0,5,4,1,197.74850299401197,43998757,175995028,50.6001953125,4602,18409.107784431137,216693176,17.662836457143722,18409.107784431137,5.270588235294118,0.6382572650909424
117,128,16,2000,0,0,0,0,186,1048576,1048576,195035136,0,0,0,0,0,0,0,0,153,524288,2097152,119537664,153,12728,110028,9581757,153,12728,110028,9581757,165,5,18,2517,1127665664,794623,0,0,8,1,1,190.7450980392157,12475547,199608752,53.7712890625,3914,62625.86274509804,191799041,21.52291371796782,62625.86274509804,15.254545454545454,0.6347169876098633
118,512,16,2000,0,0,0,0,165,1048576,1048576,173015040,0,0,0,0,0,0,0,0,91,524288,2097152,118489088,91,48067,211869,10398453,91,48067,211869,10398453,91,17,18,1591,1157718016,1208319,0,0,7,1,0,317.8901098901099,11394876,182318016,55.204296875000004,7141,114268.71428571429,190287148,20.559925520453827,114268.71428571429,17.483516483516482,0.6377377510070801
119,128,1,2000,0,0,0,0,143,1048576,1048576,149946368,0,0,0,0,0,0,0,0,88,1048576,2097152,120586240,88,8659,209934,6224820,88,8659,209934,6224820,71,2,18,312,1156579328,262143,0,0,2,0,1,334.54545454545456,19371843,19371843,55.15,70736,70736.59090909091,178659671,48.116357911789294,70736.59090909091,4.394366197183099,0.639272928237915
120,1024,64,2000,0,0,0,0,55,1048576,1048576,57671680,0,0,0,0,0,0,0,0,49,524288,4194304,115343360,49,3593,505458,6520261,49,3593,505458,6520261,112,2,66,3753,1094713344,151166975,0,0,5,2,0,574.6938775510204,17689991,1132159424,52.2,2079,133066.55102040817,194818609,6.909900413002933,133066.55102040817,33.50892857142857,0.6384015083312988
121,128,256,2000,0,0,0,0,0,0,0,0,0,0,0,0,0,0,0,0,26,2097152,4194304,100663296,26,607140,1220692,23451697,26,607140,1220692,23451697,219,65,257,36561,978321408,355737599,0,0,7,0,1,945.2307692307693,4292367,1098845952,46.650000000000006,3523,901988.3461538461,181199573,5.715959263846935,901988.3461538461,166.94520547945206,0.6401517391204834
122,4,4,2000,0,0,0,0,21,1048576,1048576,22020096,0,0,0,0,0,0,0,0,22,2097152,4194304,82837504,22,1306738,1569495,32893283,22,1306738,1569495,32893283,3,257,257,771,908066816,456933375,0,0,8,6,1,919.2727272727273,2518371,10073484,43.3,373787,1495149.2272727273,138502744,6.328591179567059,1495149.2272727273,257.0,0.6199052333831787
123,256,128,2000,0,0,0,0,11,1048576,1048576,11534336,0,0,0,0,0,0,0,0,93,524288,4194304,117440512,93,1721488,2541380,169417685,93,1721488,2541380,169417685,0,0,0,0,800063488,610992127,0,0,5,0,1,308.3010752688172,693201,88729728,38.15,14231,1821695.5376344086,153696726,0,1821695.5376344086,0,0.6091983318328857
124,1,64,2000,0,0,0,0,39,1048576,1048576,40894464,0,0,0,0,0,0,0,0,109,524288,2097152,105381888,109,390237,2573768,189305902,109,390237,2573768,189305902,43,65,130,4392,720896000,591314943,0,0,5,2,1,236.03669724770643,556675,35627200,34.375,27136,1736751.394495413,163665497,72.03843198978356,1736751.394495413,102.13953488372093,0.634843111038208
125,1024,256,2000,0,0,0,0,8,1048576,1048576,8388608,0,0,0,0,0,0,0,0,91,8192,4194304,130572288,92,82117,3313730,139676489,92,82117,3313730,139676489,188,54,181,20121,588226560,825008127,0,0,2,0,0,350.3076923076923,934819,239313664,28.048828125000004,5930,1518222.706521739,205792153,40.494318712360375,1518222.706521739,107.02659574468085,0.6249411106109619
126,128,1,2000,0,0,0,0,0,0,0,0,0,0,0,0,0,0,0,0,25,2097152,4194304,97517568,25,600859,1197611,22331404,25,600859,1197611,22331404,0,0,0,0,482320384,1006215167,0,0,4,0,1,952.32,4366835,4366835,22.998828125,893256,893256.16,174569611,0,893256.16,0,0.6315569877624512
127,256,4,2000,0,0,0,0,0,0,0,0,0,0,0,0,0,0,0,0,24,2097152,4194304,92258304,24,1285985,1875094,38060402,24,1285985,1875094,38060402,0,0,0,0,378527744,1179959295,0,0,7,0,1,938.5,2423997,9695988,18.049609375,396462,1585850.0833333333,168041647,0,1585850.0833333333,0,0.6163005828857422
128,16,256,2000,0,0,0,0,0,0,0,0,0,0,0,0,0,0,0,0,9,3129344,4194304,34443264,9,1973664,2568694,20009285,9,1973664,2568694,20009285,8,104,110,859,336203776,1238446079,0,0,4,0,1,934.3333333333334,1721364,440669184,16.0314453125,8684,2223253.888888889,36701753,22.160728893636467,2223253.888888889,107.375,0.6223874092102051
129,512,16,2000,0,0,0,0,44,1048576,1048576,46137344,0,0,0,0,0,0,0,0,45,1048576,4194304,143122432,45,2787211,3248436,129679524,45,2787211,3248436,129679524,0,0,0,0,230854656,1491341311,0,0,7,4,1,776.4888888888889,1103662,17658592,11.008007812499999,180110,2881767.2,241388501,0,2881767.2,0,0.6217272281646729
130,1,4,2000,0,0,0,0,1,1048576,1048576,1048576,0,0,0,0,0,0,0,0,36,1048576,4194304,119037952,36,1344178,4000772,122251662,36,1344178,4000772,122251662,0,0,0,0,110768128,1725689855,0,0,0,4,1,807.2777777777778,973712,3894848,5.2818359374999995,848969,3395879.5,153809942,0,3395879.5,0,0.6291821002960205
131,512,4,2000,0,0,0,0,954,1048576,1048576,1000341504,0,0,0,0,0,0,0,0,90,1048576,4194304,132554752,90,19205,4251839,57010545,90,19205,4251839,57010545,82,5,6,451,892297216,975499263,0,0,6,9,0,359.5777777777778,2325091,9300364,42.548046875,158362,633450.5,227668201,320.30015562584623,633450.5,5.5,0.6210429668426514
132,64,128,2000,0,0,0,0,177,1048576,1048576,185597952,0,0,0,0,0,0,0,0,54,2097152,2097152,113246208,55,53662,515969,12652443,55,53662,515969,12652443,177,5,130,14168,1093922816,765374463,0,0,9,9,1,512.0,8950540,1145669120,52.162304687500004,1797,230044.41818181818,196067964,5.613147533474122,230044.41818181818,80.045197740113,0.6287798881530762
133,16,256,2000,0,0,0,0,101,1048576,1048576,105906176,0,0,0,0,0,0,0,0,111,262144,2097152,115343360,111,416648,1211150,85955186,111,416648,1211150,85955186,239,128,258,51697,1057222656,771502079,0,0,7,1,1,253.6936936936937,1341901,343526656,50.4123046875,3024,774371.0450450451,164521309,14.111461440471755,774371.0450450451,216.30543933054392,0.6305742263793945
134,256,2,2000,0,0,0,0,701,1048576,1048576,735051776,0,0,0,0,0,0,0,0,302,65536,2097152,135331840,302,20556,1505437,192701669,302,20556,1505437,192701669,48,3,258,8779,1472393216,348868607,0,0,3,3,0,109.40397350993378,702286,1404572,70.2091796875,319042,638084.9966887417,204543364,31.889053257457057,638084.9966887417,182.89583333333334,0.6326398849487305
135,64,64,2000,0,0,0,0,266,1048576,1048576,278921216,0,0,0,0,0,0,0,0,67,262144,2097152,115343360,67,31918,511114,15221168,67,31918,511114,15221168,129,3,67,6041,1676865536,133943295,0,0,5,9,1,420.2985074626866,7577825,484980800,79.9591796875,3549,227181.61194029852,198368630,11.54240220237468,227181.61194029852,46.82945736434109,0.6180751323699951
136,512,2,2000,0,0,0,0,6,1048576,1048576,6291456,0,0,0,0,0,0,0,0,62,262144,2097152,117440512,62,570122,676684,38602612,62,570122,676684,38602612,8,65,65,520,1547890688,269258751,0,0,1,9,0,462.4516129032258,3042294,6084588,73.8091796875,311311,622622.7741935484,177368279,20.713111692994506,622622.7741935484,65.0,0.6242773532867432
137,2,64,2000,0,0,0,0,181,1048576,1048576,189792256,0,0,0,0,0,0,0,0,101,65536,2097152,117440512,101,30892,640373,25656638,101,30892,640373,25656638,163,3,75,8395,1585561600,8191,0,0,4,7,1,283.8811881188119,4577392,292953088,75.60546875,3969,254026.1188118812,196759595,17.37435386344178,254026.1188118812,51.50306748466258,0.6108846664428711
138,64,8,2000,0,0,0,0,154,1048576,1048576,161480704,0,0,0,0,0,0,0,0,113,65536,2097152,119537664,114,48033,667158,29414735,114,48033,667158,29414735,56,9,65,1734,1573363712,49151,0,0,8,1,0,258.2654867256637,4063870,32510960,75.02382812500001,32252,258023.99122807017,197871635,32.26507281191879,258023.99122807017,30.964285714285715,0.6233808994293213
139,16,4,2000,0,0,0,0,128,1048576,1048576,134217728,0,0,0,0,0,0,0,0,109,65536,2097152,119009280,109,930,114755,4183623,109,930,114755,4183623,106,3,10,642,1549537280,28671,0,0,6,3,1,266.5596330275229,28446463,113785852,73.8876953125,9595,38381.8623853211,184340306,23.77401319122451,38381.8623853211,6.056603773584905,0.6352241039276123
140,1024,64,2000,0,0,0,0,44,1048576,1048576,46137344,0,0,0,0,0,0,0,0,27,2097152,4194304,85983232,27,64930,500136,5004945,27,64930,500136,5004945,87,5,68,3426,1498349568,51945471,0,0,5,4,0,777.4814814814815,17179655,1099497920,71.446875,2896,185368.33333333334,150250954,6.0544874821798516,185368.33333333334,39.37931034482759,0.634638786315918
141,16,2,2000,0,0,0,0,0,0,0,0,0,0,0,0,0,0,0,0,31,4128768,4194304,129957888,31,611394,1222406,27130539,31,611394,1222406,27130539,9,65,65,585,1364197376,189718527,0,0,3,4,1,1023.483870967742,4790096,9580192,65.05,437589,875178.6774193548,200448986,13.155348830443383,875178.6774193548,65.0,0.6316401958465576
142,128,16,2000,0,0,0,0,126,1048576,1048576,132120576,0,0,0,0,0,0,0,0,28,4194304,4194304,117440512,28,1329022,1818571,45181394,28,1329022,1818571,45181394,5,17,18,86,1333788672,228261887,0,0,7,6,1,1024.0,2599311,41588976,63.6,100851,1613621.2142857143,216718739,91.61639343464493,1613621.2142857143,17.2,0.6193468570709229
143,128,256,2000,0,0,0,0,181,1048576,1048576,189792256,0,0,0,0,0,0,0,0,62,524288,4194304,77070336,61,70682,2070132,17927364,61,70682,2070132,17927364,302,17,260,46734,1387790336,189693951,0,0,7,0,1,303.48387096774195,4299033,1100552448,66.175,1148,293891.2131147541,88950003,6.257847499110267,293891.2131147541,154.74834437086093,0.6341955661773682
144,64,128,2000,0,0,0,0,8,1048576,1048576,8388608,0,0,0,0,0,0,0,0,201,524288,4194304,181927936,201,629881,2632941,163307595,201,629881,2632941,163307595,104,193,260,24063,1213202432,415080447,0,0,0,4,1,220.97512437810946,1114020,142594560,57.85,6347,812475.5970149253,272595008,15.89097362668672,812475.5970149253,231.375,0.6354718208312988
145,4,256,2000,0,0,0,0,84,1048576,1048576,88080384,0,0,0,0,0,0,0,0,105,524288,4194304,94371840,105,949230,1392177,125694621,105,949230,1392177,125694621,212,136,258,47030,1174405120,383393791,0,0,7,6,1,219.42857142857142,750802,192205312,56.00000000000001,4676,1197091.6285714286,162396030,24.592070785934514,1197091.6285714286,221.83962264150944,0.6198630332946777
146,1024,2,2000,0,0,0,0,432,1048576,1048576,452984832,0,0,0,0,0,0,0,0,276,16384,4194304,92274688,276,29223,2313387,217505803,276,29223,2313387,217505803,22,2,257,3624,1407188992,184692735,0,0,3,8,0,81.6231884057971,424240,848480,67.10000000000001,394032,788064.5036231884,139608580,58.61148199287735,788064.5036231884,164.72727272727272,0.6230721473693848
147,32,8,2000,0,0,0,0,201,1048576,1048576,210763776,0,0,0,0,0,0,0,0,135,131072,4194304,96731136,135,7129,109666,5318195,135,7129,109666,5318195,142,3,13,1336,1594486784,28671,0,0,9,1,1,174.93333333333334,18188715,145509720,76.0310546875,4924,39394.03703703704,165030694,23.935351159976793,39394.03703703704,9.408450704225352,0.6191387176513672
148,512,16,2000,0,0,0,0,139,1048576,1048576,145752064,0,0,0,0,0,0,0,0,69,131072,4194304,95158272,68,21550,311786,8466693,68,21550,311786,8466693,77,9,18,1117,1607467008,1523711,0,0,8,7,0,336.69565217391306,11239131,179826096,76.64999999999999,7781,124510.19117647059,158541573,25.492060688394957,124510.19117647059,14.506493506493506,0.6291244029998779
149,4,128,2000,0,0,0,0,74,1048576,1048576,77594624,0,0,0,0,0,0,0,0,313,16384,2097152,91652096,313,37443,454797,67221898,313,37443,454797,67221898,425,17,134,47761,1565835264,2523135,0,0,9,9,1,71.4888178913738,1363426,174518528,74.66484375,1677,214766.44728434505,132178373,26.73276224791273,214766.44728434505,112.37882352941176,0.6298656463623047
150,256,32,2000,0,0,0,0,136,1048576,1048576,142606336,0,0,0,0,0,0,0,0,329,16384,2097152,95174656,329,57324,305856,40803914,329,57324,305856,40803914,233,24,134,22490,1574924288,28671,0,0,3,1,0,70.62613981762918,2332488,74639616,75.09824218749999,3875,124024.0547112462,146481449,18.19310899333542,124024.0547112462,96.52360515021459,0.6376721858978271
151,512,8,2000,0,0,0,0,141,1048576,1048576,147849216,0,0,0,0,0,0,0,0,59,1048576,4194304,93323264,59,17257,567319,19451766,59,17257,567319,19451766,34,3,34,657,1596919808,28671,0,0,0,8,0,386.1694915254237,4797675,38381400,76.14707031249999,41211,329690.9491525424,144492128,44.18171928710687,329690.9491525424,19.323529411764707,0.6398646831512451
152,128,64,2000,0,0,0,0,111,1048576,1048576,116391936,0,0,0,0,0,0,0,0,81,524288,4194304,92274688,81,146847,523034,23613442,81,146847,523034,23613442,136,9,67,7042,1589641216,22028287,0,0,5,8,1,278.12345679012344,3907718,250093952,75.8,4555,291523.97530864197,154069771,20.243217743054657,291523.97530864197,51.779411764705884,0.6358850002288818
153,4,32,2000,0,0,0,0,81,1048576,1048576,84934656,0,0,0,0,0,0,0,0,351,16384,3670016,108019712,351,1679,1058337,40550843,350,1998,1058337,40549164,316,27,66,11202,1569067008,12287,0,0,2,6,1,75.13390313390313,2663809,85241888,74.81894531249999,3620,115854.75428571428,161778425,43.37588354802084,115529.46723646723,35.449367088607595,0.6362977027893066
154,4,4,2000,0,0,0,0,57,1048576,1048576,59768832,0,0,0,0,0,0,0,0,340,16384,4194304,92389376,340,352,193528,8040746,340,352,193528,8040746,312,2,36,3294,1513545728,16383,0,0,5,4,1,66.34117647058824,11490149,45960596,72.17148437499999,5912,23649.25294117647,148526286,33.76488357977925,23649.25294117647,10.557692307692308,0.6270442008972168
155,1,32,2000,0,0,0,0,31,1048576,1048576,32505856,0,0,0,0,0,0,0,0,336,16384,4194304,99074048,336,388,354682,17579973,336,388,354682,17579973,364,2,38,10471,1429827584,4095,0,0,4,7,1,71.98809523809524,5635620,180339840,68.1794921875,1635,52321.34821428572,157215611,25.26570772289147,52321.34821428572,28.766483516483518,0.6290395259857178
156,4,2,2000,0,0,0,0,53,1048576,1048576,55574528,0,0,0,0,0,0,0,0,183,16384,4194304,111345664,183,350,274414,8696719,183,350,274414,8696719,153,2,34,710,1354522624,8191,0,0,3,2,1,148.54644808743168,12803180,25606360,64.588671875,23761,47523.05464480874,178171865,68.94061580341376,47523.05464480874,4.640522875816994,0.6285591125488281
157,64,4,2000,0,0,0,0,130,1048576,1048576,136314880,0,0,0,0,0,0,0,0,64,131072,4194304,114294784,64,1427,121415,3114701,64,1427,121415,3114701,66,3,7,344,1337090048,16383,0,0,5,8,0,436.0,36695266,146781064,63.757421875,12166,48667.203125,190997450,21.41585373273149,48667.203125,5.212121212121212,0.6356039047241211
158,512,8,2000,0,0,0,0,129,1048576,1048576,135266304,0,0,0,0,0,0,0,0,36,262144,4194304,118489088,35,29166,254528,5232253,35,29166,254528,5232253,41,5,11,343,1323454464,24268799,0,0,0,1,0,803.5555555555555,22645901,181167208,63.107226562499996,18686,149492.94285714286,172521336,22.237938250747295,149492.94285714286,8.365853658536585,0.6350507736206055
159,128,128,2000,0,0,0,0,13,1048576,1048576,13631488,0,0,0,0,0,0,0,0,45,524288,4194304,112197632,45,167565,495031,12555478,45,167565,495031,12555478,165,9,129,13343,1249005568,113586175,0,0,9,6,0,608.7111111111111,8936149,1143827072,59.5572265625,2179,279010.6222222222,213650389,5.668132143696404,279010.6222222222,80.86666666666666,0.6301751136779785
160,32,32,2000,0,0,0,0,0,0,0,0,0,0,0,0,0,0,0,0,55,524288,4194304,112197632,55,573344,1182594,50110480,55,573344,1182594,50110480,4,129,129,516,1128419328,250294271,0,0,8,8,1,498.03636363636366,2239005,71648160,53.8072265625,28471,911099.6363636364,171317778,14.181269470404985,911099.6363636364,129.0,0.6191871166229248
161,2,256,2000,0,0,0,0,94,1048576,1048576,98566144,0,0,0,0,0,0,0,0,63,20480,4194304,94916608,72,537636,1791384,105284489,72,537636,1791384,105284489,228,67,258,40339,1094320128,188850175,0,0,7,8,1,367.8253968253968,901525,230790400,52.18125,5712,1462284.5694444445,141572191,22.469836075543377,1462284.5694444445,176.92543859649123,0.6296663284301758
162,64,4,2000,0,0,0,0,174,1048576,1048576,182452224,0,0,0,0,0,0,0,0,524,16384,2097152,134217728,525,3306,2033118,176697792,525,3306,2033118,176697792,272,4,264,39155,1133932544,28671,0,0,5,2,0,62.534351145038165,759589,3038356,54.0701171875,84141,336567.22285714286,195780682,37.3882249484649,336567.22285714286,143.95220588235293,0.6382250785827637
163,32,256,2000,0,0,0,0,117,1048576,1048576,122683392,0,0,0,0,0,0,0,0,253,131072,2097152,123994112,253,4807,522742,60255387,253,4807,522742,60255387,504,5,260,90035,1118830592,38084607,0,0,7,7,1,119.65217391304348,2057809,526799104,53.349999999999994,930,238163.58498023715,197839527,11.142276538334691,238163.58498023715,178.640873015873,0.6376080513000488
164,64,16,2000,0,0,0,0,243,1048576,1048576,254803968,0,0,0,0,0,0,0,0,285,131072,2097152,120115200,285,461964,641423,156903456,285,461964,641423,156903456,61,251,257,15579,1190162432,28671,0,0,3,7,0,102.89473684210526,765535,12248560,56.7513671875,34408,550538.4421052631,186164365,20.95003469323663,550538.4421052631,255.39344262295083,0.6335740089416504
165,256,1,2000,0,0,0,0,187,1048576,1048576,196083712,0,0,0,0,0,0,0,0,98,262144,2097152,121372672,98,8478,108030,3789188,98,8478,108030,3789188,82,2,18,534,1235087360,28671,0,0,2,1,0,302.3673469387755,32031314,32031314,58.89355468750001,38665,38665.183673469386,192248583,19.6362152263774,38665.183673469386,6.512195121951219,0.6376395225524902
166,512,256,2000,0,0,0,0,44,1048576,1048576,46137344,0,0,0,0,0,0,0,0,63,1048576,2097152,120586240,63,14676,510613,12864032,63,14676,510613,12864032,318,2,258,44948,1160196096,152539135,0,0,7,8,0,467.3015873015873,9373907,2399720192,55.3224609375,797,204190.9841269841,207083842,3.091406059562548,204190.9841269841,141.34591194968553,0.6350457668304443
167,32,8,2000,0,0,0,0,2,1048576,1048576,2097152,0,0,0,0,0,0,0,0,56,1048576,2097152,113250304,56,587771,1199043,49663703,56,587771,1199043,49663703,9,257,257,2313,1034366976,390549503,0,0,0,8,1,493.73214285714283,2280343,18242744,49.322460937500004,110856,886851.8392857143,162414094,6.9891851620220296,886851.8392857143,257.0,0.614797830581665
168,512,8,2000,0,0,0,0,0,0,0,0,0,0,0,0,0,0,0,0,25,1048576,2097152,49283072,25,1278476,1554199,35414528,25,1278476,1554199,35414528,0,0,0,0,974598144,501977087,0,0,9,8,1,481.28,1391606,11132848,46.472460937499996,177072,1416581.12,107337661,0,1416581.12,0,0.6244311332702637
169,1,128,2000,0,0,0,0,0,0,0,0,0,0,0,0,0,0,0,0,93,1048576,2097152,186011648,93,1899358,2590250,199916668,93,1899358,2590250,199916668,43,129,129,5547,788586496,874250239,0,0,9,8,1,488.31182795698925,930445,119096960,37.602734375000004,16794,2149641.5913978494,301858088,34.12550618552178,2149641.5913978494,129.0,0.6170809268951416
170,1,4,2000,0,0,0,0,0,0,0,0,0,0,0,0,0,0,0,0,92,131072,2097152,115343360,92,147326,3264143,155007051,92,147326,3264143,155007051,10,129,129,1290,666951680,1120755711,0,0,7,6,1,306.0869565217391,744116,2976464,31.802734375000004,421214,1684859.25,174356534,42.67063375396406,1684859.25,129.0,0.608628511428833
171,2,64,2000,0,0,0,0,213,1048576,1048576,223346688,0,0,0,0,0,0,0,0,311,131072,2097152,138674176,310,73329,3567246,131391989,310,73329,3567246,131391989,336,18,71,21072,782798848,225279,0,0,6,5,1,108.86173633440515,1055423,67547072,37.3267578125,6622,423845.1258064516,212303283,62.08196518772291,423845.1258064516,62.714285714285715,0.624453067779541
172,512,256,2000,0,0,0,0,36,1048576,1048576,37748736,0,0,0,0,0,0,0,0,173,131072,2097152,121634816,170,67456,527891,26777192,170,67456,527891,26777192,365,60,259,56105,686612480,80453631,0,0,7,3,0,171.65317919075144,4542478,1162874368,32.740234375,615,157512.89411764705,195070724,5.969741936216965,157512.89411764705,153.7123287671233,0.6350572109222412
173,1024,128,2000,0,0,0,0,0,0,0,0,0,0,0,0,0,0,0,0,56,1048576,2097152,116391936,56,608405,1212890,50961293,56,608405,1212890,50961293,7,257,257,1799,557637632,219111423,0,0,8,0,0,507.42857142857144,2283928,292342784,26.590234374999998,7109,910023.0892857143,208151703,6.978215402294318,910023.0892857143,257.0,0.6154055595397949
174,64,8,2000,0,0,0,0,0,0,0,0,0,0,0,0,0,0,0,0,27,1048576,2097152,55312384,27,1294799,1900692,40511378,27,1294799,1900692,40511378,0,0,0,0,491839488,296656895,0,0,6,0,1,500.14814814814815,1365354,10922832,23.452734375000002,187552,1500421.4074074074,82167642,0,1500421.4074074074,0,0.6203975677490234
175,4,32,2000,0,0,0,0,53,1048576,1048576,55574528,0,0,0,0,0,0,0,0,107,1048576,2097152,181657600,106,1531090,2562171,223066928,106,1531090,2562171,223066928,0,0,0,0,359464960,658767871,0,0,8,8,1,414.4859813084112,814363,26059616,17.140625,65762,2104404.9811320757,297941862,0,2104404.9811320757,0,0.6140387058258057
176,1,16,2000,0,0,0,0,158,1048576,1048576,165675008,0,0,0,0,0,0,0,0,3061,8192,2097152,121896960,3061,321,3089111,158601701,3061,321,3089111,158601701,3023,7,22,53228,402333696,24575,0,0,7,2,1,9.722312969617771,768572,12297152,19.184765625,3238,51813.688663835346,172559677,302.6724644346728,51813.688663835346,17.607674495534237,0.6293118000030518
177,64,128,2000,0,0,0,0,252,1048576,1048576,264241152,0,0,0,0,0,0,0,0,2129,8192,2097152,114933760,2128,299,317519,54805925,2128,299,317519,54805925,2243,8,133,75105,525336576,82870271,0,0,9,4,0,13.179896665100987,2097104,268429312,25.05,201,25754.664003759397,181265738,58.35852495333353,25754.664003759397,33.48417298261257,0.6352047920227051
178,8,8,2000,0,0,0,0,316,1048576,1048576,331350016,0,0,0,0,0,0,0,0,1985,32768,2097152,115736576,1985,641,623510,51083625,1985,641,623510,51083625,1866,7,131,25823,700514304,122879,0,0,0,8,1,14.234760705289673,2265629,18125032,33.403125,3216,25734.823677581862,184789760,130.63993943666677,25734.823677581862,13.838692390139336,0.6236855983734131
179,1,32,2000,0,0,0,0,147,1048576,1048576,154140672,0,0,0,0,0,0,0,0,20644,4096,32768,101933056,20645,278,9702,18276427,20644,278,9702,18275766,20667,8,40,670366,798343168,36863,0,0,2,6,1,1.2054834334431312,5577296,178473472,38.06796875,27,885.2822127494671,157915929,22.640218953238932,885.271348994914,32.43654134610732,0.6455519199371338
180,512,128,2000,0,0,0,0,56,1048576,1048576,58720256,0,0,0,0,0,0,0,0,4055,4096,2097152,76214272,4055,454,530392,9542217,4055,454,530392,9542217,4151,5,130,145610,777687040,133910527,0,0,9,0,0,4.58865598027127,7987061,1022343808,37.0830078125,18,2353.197780517879,121093521,14.619565403597278,2353.197780517879,35.078294386894726,0.6306989192962646
181,4,64,2000,0,0,0,0,14,1048576,1048576,14680064,0,0,0,0,0,0,0,0,60,4096,2097152,122687488,60,630762,1211478,57206419,60,630762,1211478,57206419,4,129,129,516,661291008,246792191,0,0,3,2,1,499.21666666666664,2144645,137257280,31.532812500000002,14897,953440.3166666667,209233324,14.805215250662732,953440.3166666667,129.0,0.6148767471313477
182,2,2,2000,0,0,0,0,87,1048576,1048576,91226112,0,0,0,0,0,0,0,0,110,32768,2097152,140771328,110,536,1798362,98519225,110,536,1798362,98519225,47,3,66,413,584851456,175890431,0,0,3,2,1,312.43636363636364,1428871,2857742,27.887890625,447814,895629.3181818182,218633955,326.22296706830167,895629.3181818182,8.787234042553191,0.6333699226379395
183,32,64,2000,0,0,0,0,318,1048576,1048576,333447168,0,0,0,0,0,0,0,0,1256,8192,2097152,117833728,1256,277,83558,35160262,1256,277,83558,35160262,1318,3,67,48675,799821824,28671,0,0,5,6,0,22.904458598726116,3351332,214485248,38.1384765625,437,27993.839171974523,178367593,33.09419965287002,27993.839171974523,36.9309559939302,0.6417286396026611
184,1,2,2000,0,0,0,0,63,1048576,1048576,66060288,0,0,0,0,0,0,0,0,2852,4096,2097152,82903040,2852,259,67358,12572799,2852,259,67358,12572799,2789,2,68,18704,810029056,20479,0,0,3,1,1,7.096774193548387,6593841,13187682,38.6251953125,2204,4408.4147966339415,128872993,92.6265492316116,4408.4147966339415,6.706346360702761,0.6403293609619141
185,32,1,2000,0,0,0,0,254,1048576,1048576,266338304,0,0,0,0,0,0,0,0,1374,4096,2097152,97914880,1374,255,21880,1514718,1374,255,21880,1514718,1374,2,6,4230,929607680,28671,0,0,3,0,0,17.398107714701602,64642316,64642316,44.3271484375,1102,1102.414847161572,152896879,20.582086717369727,1102.414847161572,3.078602620087336,0.641226053237915
186,512,32,2000,0,0,0,0,213,1048576,1048576,223346688,0,0,0,0,0,0,0,0,191,131072,2097152,113704960,191,1007,454172,10855976,191,1007,454172,10855976,222,2,34,2526,1044676608,131379199,0,0,3,4,0,145.34031413612564,10473950,335166400,49.8140625,1776,56837.57068062827,181409895,34.36916974131853,56837.57068062827,11.378378378378379,0.635451078414917
187,1,64,2000,0,0,0,0,144,1048576,1048576,150994944,0,0,0,0,0,0,0,0,4401,8192,2097152,123584512,4401,1354,790872,46604873,4401,1354,790872,46604873,4432,29,72,287683,1090322432,16383,0,0,3,6,1,6.855714610315838,2651750,169712000,51.990625,165,10589.609861395138,192870387,23.796483399411574,10589.609861395138,64.91042418772564,0.631941556930542
188,256,128,2000,0,0,0,0,22,1048576,1048576,23068672,0,0,0,0,0,0,0,0,798,8192,1048576,73121792,797,327,535660,20185360,797,327,535660,20185360,860,8,132,59904,1029931008,145637375,0,0,9,0,0,22.370927318295738,3622516,463682048,49.1109375,197,25326.675031367628,119212464,16.253122911108978,25326.675031367628,69.65581395348838,0.6195847988128662
189,256,2,2000,0,0,0,0,44,1048576,1048576,46137344,0,0,0,0,0,0,0,0,142,1048576,2097152,164577280,142,237706,1261942,109425322,142,237706,1261942,109425322,17,3,129,1942,881266688,343859199,0,0,4,4,1,282.9577464788732,1504014,3008028,42.0220703125,385300,770600.8591549295,269517340,23.840073864315013,770600.8591549295,114.23529411764706,0.6247782707214355
190,16,16,2000,0,0,0,0,382,1048576,1048576,400556032,0,0,0,0,0,0,0,0,427,4096,2097152,117440512,426,4562,70494,9080193,426,4562,70494,9080193,442,3,21,7536,1244676096,1277951,0,0,8,9,0,67.14754098360656,12933702,206939232,59.35078125,1332,21315.00704225352,184835564,18.618159522872226,21315.00704225352,17.04977375565611,0.6222007274627686
191,4,8,2000,0,0,0,0,111,1048576,1048576,116391936,0,0,0,0,0,0,0,0,964,16384,2097152,123863040,964,350,55261,7574132,964,350,55261,7574132,955,5,19,10062,1229864960,40959,0,0,9,3,1,31.369294605809127,16353430,130827440,58.64453125,982,7856.983402489626,191325426,23.77224192808818,7856.983402489626,10.536125654450261,0.6419384479522705
192,128,128,2000,0,0,0,0,56,1048576,1048576,58720256,0,0,0,0,0,0,0,0,331,16384,2097152,121356288,331,354,513801,30424348,331,354,513801,30424348,452,4,132,25894,1158430720,145350655,0,0,9,6,0,89.51057401812689,3988788,510564864,55.23828125,718,91916.4592145015,194251122,17.924961648746088,91916.4592145015,57.28761061946903,0.6357729434967041
193,128,256,2000,0,0,0,0,7,1048576,1048576,7340032,0,0,0,0,0,0,0,0,149,524288,2097152,124796928,149,535603,626442,87077136,149,535603,626442,87077136,278,125,258,60148,1033109504,378535935,0,0,7,2,0,204.48322147651007,1433176,366893056,49.262499999999996,2282,584410.3087248323,202344096,13.209421381833437,584410.3087248323,216.35971223021582,0.6294236183166504
194,4,32,2000,0,0,0,0,24,1048576,1048576,25165824,0,0,0,0,0,0,0,0,177,131072,2097152,142082048,177,615059,1069474,149904483,177,615059,1069474,149904483,32,256,258,8224,904658944,635592703,0,0,2,6,1,195.9774011299435,947817,30330144,43.1375,26466,846917.9830508474,217388289,16.815207739565235,846917.9830508474,257.0,0.6340017318725586
195,16,128,2000,0,0,0,0,408,1048576,1048576,427819008,0,0,0,0,0,0,0,0,431,16384,2097152,146210816,431,44153,2344521,163583273,431,44153,2344521,163583273,460,75,134,56240,1087315968,396820479,0,0,9,6,1,82.82134570765662,893800,114406400,51.847265625000006,2965,379543.55684454757,234385883,37.48278571402384,379543.55684454757,122.26086956521739,0.6299803256988525
196,2,64,2000,0,0,0,0,164,1048576,1048576,171966464,0,0,0,0,0,0,0,0,1905,16384,1048576,140115968,1905,2922,71454,53670568,1905,2922,71454,53670568,1840,59,133,142657,1205620736,4095,0,0,5,1,1,17.956955380577426,2610666,167082624,57.488476562500004,440,28173.52650918635,218501653,20.23639948379654,28173.52650918635,77.53097826086956,0.6289682388305664
197,256,2,2000,0,0,0,0,190,1048576,1048576,199229440,0,0,0,0,0,0,0,0,464,16384,1048576,138608640,464,3506,63382,11170889,464,3506,63382,11170889,401,3,70,20858,1215344640,28671,0,0,3,0,0,72.93103448275862,12408022,24816044,57.95214843749999,12037,24075.191810344826,217029789,6.346424116116022,24075.191810344826,52.01496259351621,0.6410965919494629
198,1024,4,2000,0,0,0,0,212,1048576,1048576,222298112,0,0,0,0,0,0,0,0,46,1048576,4194304,120586240,46,14225,137005,2982762,46,14225,137005,2982762,48,3,6,217,1268977664,28671,0,0,5,9,0,640.0,40427710,161710840,60.5095703125,16210,64842.65217391304,205919205,22.411054898817873,64842.65217391304,4.520833333333333,0.644899845123291
199,1,128,2000,0,0,0,0,52,1048576,1048576,54525952,0,0,0,0,0,0,0,0,1451,16384,4194304,122683392,1451,15009,167391,68177440,1451,15009,167391,68177440,1579,5,137,197980,1195143168,16383,0,0,5,2,1,20.642315644383185,1799471,230332288,56.988867187500006,367,46986.519641626466,171878192,18.154139690143957,46986.519641626466,125.38315389487018,0.6399819850921631
200,1,2,2000,0,0,0,0,23,1048576,1048576,24117248,0,0,0,0,0,0,0,0,1395,16384,1048576,115146752,1396,348,88094,27052354,1396,348,88094,27052354,1268,2,136,42184,1088679936,12287,0,0,4,2,1,20.151971326164876,4256441,8512882,51.9123046875,9689,19378.477077363896,181684550,28.905041833041956,19378.477077363896,33.26813880126183,0.633263349533081
201,16,1,2000,0,0,0,0,92,1048576,1048576,96468992,0,0,0,0,0,0,0,0,1044,16384,1048576,96501760,1047,351,23009,1502406,1047,351,23009,1502406,1044,2,5,2884,1062473728,20479,0,0,3,5,0,22.56704980842912,64231479,64231479,50.66269531249999,1434,1434.9627507163323,150867506,23.018185349424435,1434.9627507163323,2.7624521072796937,0.6392953395843506
202,8,8,2000,0,0,0,0,124,1048576,1048576,130023424,0,0,0,0,0,0,0,0,1584,32768,1048576,118194176,1584,612,26944,5305661,1584,612,26944,5305661,1592,1,12,14094,1050075136,1089535,0,0,1,5,1,18.217171717171716,22276993,178215944,50.071484375,418,3349.53345959596,184204940,20.768836367360205,3349.53345959596,8.853015075376884,0.6405446529388428
203,2,1,2000,0,0,0,0,51,1048576,1048576,53477376,0,0,0,0,0,0,0,0,1439,8192,4194304,86401024,1439,308,42822,2384915,1439,308,42822,2384915,1433,1,11,5451,1014419456,28671,0,0,3,3,1,14.65879082696317,36228135,36228135,48.3712890625,1657,1657.3419041000695,135570569,29.722406654651362,1657.3419041000695,3.8039078855547803,0.6380922794342041
204,32,256,2000,0,0,0,0,81,1048576,1048576,84934656,0,0,0,0,0,0,0,0,535,8192,4194304,133431296,535,416,491044,65383937,535,416,491044,65383937,789,2,260,103169,953286656,148185087,0,0,0,0,0,60.88971962616822,2040735,522428160,45.45625,477,122212.96635514019,210874435,15.349742463457304,122212.96635514019,130.7591888466413,0.6318981647491455
205,32,32,2000,0,0,0,0,374,1048576,1048576,392167424,0,0,0,0,0,0,0,0,301,4096,4194304,126222336,300,12878,682203,165385837,300,12878,682203,165385837,76,22,257,7545,1124728832,4792319,0,0,3,4,1,102.37873754152824,763199,24422368,53.631249999999994,17227,551286.1233333333,203498389,54.240244571741115,551286.1233333333,99.27631578947368,0.6264441013336182
206,1024,4,2000,0,0,0,0,241,1048576,1048576,252706816,0,0,0,0,0,0,0,0,144,131072,4194304,125812736,144,25054,167415,7826817,144,25054,167415,7826817,114,4,35,3012,1219567616,13271039,0,0,5,8,0,213.30555555555554,16074572,64298288,58.153515625,13588,54352.895833333336,201901806,9.644293187972165,54352.895833333336,26.42105263157895,0.6385440826416016
207,8,128,2000,0,0,0,0,158,1048576,1048576,165675008,0,0,0,0,0,0,0,0,606,8192,4194304,123830272,606,33427,213778,62651534,606,33427,213778,62651534,730,5,136,85013,1282981888,2678783,0,0,0,8,1,49.88778877887789,1976492,252990976,61.17734375,807,103385.36963696369,187819624,17.795178474750777,103385.36963696369,116.45616438356164,0.6360452175140381
208,256,128,2000,0,0,0,0,44,1048576,1048576,46137344,0,0,0,0,0,0,0,0,312,4096,4194304,121503744,312,76277,497991,49559879,312,76277,497991,49559879,312,111,133,39416,1207959552,140673023,0,0,9,6,0,95.07692307692308,2451655,313811840,57.599999999999994,1240,158845.76602564103,196175639,13.2246007527047,158845.76602564103,126.33333333333333,0.63722825050354
209,64,16,2000,0,0,0,0,0,0,0,0,0,0,0,0,0,0,0,0,81,65536,4194304,120836096,81,525042,1042841,67704537,81,525042,1042841,67704537,14,129,129,1806,1080033280,367689727,0,0,2,8,1,364.2098765432099,1784756,28556096,51.5,52241,835858.4814814815,187936375,17.790629880106547,835858.4814814815,129.0,0.6401889324188232
210,1024,16,2000,0,0,0,0,82,1048576,1048576,85983232,0,0,0,0,0,0,0,0,69,196608,4194304,139440128,69,88440,1294724,66648615,69,88440,1294724,66648615,24,17,19,417,1012695040,538984447,0,0,7,2,0,493.3768115942029,2092168,33474688,48.2890625,60370,965921.9565217391,245196275,112.67783423292211,965921.9565217391,17.375,0.6142125129699707
211,1024,64,2000,0,0,0,0,0,0,0,0,0,0,0,0,0,0,0,0,33,3145728,4194304,137363456,33,213497,1398526,11131946,33,213497,1398526,11131946,81,17,65,3856,858554368,739082239,0,0,5,4,0,1016.2424242424242,12339572,789732608,40.9390625,5270,337331.69696969696,226197310,6.972809875088095,337331.69696969696,47.60493827160494,0.6367449760437012
212,32,1,2000,0,0,0,0,0,0,0,0,0,0,0,0,0,0,0,0,28,4194304,4194304,117440512,28,612915,1221496,25670859,28,612915,1221496,25670859,5,65,65,325,728530944,917397503,0,0,2,4,1,1024.0,4574857,4574857,34.7390625,916816,916816.3928571428,165136050,13.77428474845467,916816.3928571428,65.0,0.6359391212463379
213,16,32,2000,0,0,0,0,0,0,0,0,0,0,0,0,0,0,0,0,19,4063232,4194304,79462400,19,1313657,1435433,26545284,19,1313657,1435433,26545284,13,33,33,429,636485632,1041317887,0,0,3,6,1,1021.0526315789474,2993465,95790880,30.349999999999998,43660,1397120.2105263157,132502649,41.46404873477038,1397120.2105263157,33.0,0.6310853958129883
214,2,64,2000,0,0,0,0,353,1048576,1048576,370147328,0,0,0,0,0,0,0,0,1036,8192,4194304,186941440,1036,1904,3690768,79223124,1036,1904,3690768,79223124,1069,30,74,68916,774262784,28671,0,0,6,3,1,44.054054054054056,2359682,151019648,36.9197265625,1194,76470.19691119691,275704937,26.9255120435456,76470.19691119691,64.46772684752105,0.6364681720733643
215,64,64,2000,0,0,0,0,165,1048576,1048576,173015040,0,0,0,0,0,0,0,0,300,32768,4194304,122421248,302,39822,260398,41295346,302,39822,260398,41295346,299,56,72,19501,786022400,622591,0,0,5,3,0,99.62666666666667,2964528,189729792,37.48046875,2136,136739.55629139073,193054490,21.044221897878,136739.55629139073,65.22073578595318,0.6390886306762695
216,4,64,2000,0,0,0,0,88,1048576,1048576,92274688,0,0,0,0,0,0,0,0,467,16384,4194304,131432448,467,10423,440255,49978180,467,10423,440255,49978180,470,53,73,30836,738111488,28671,0,0,6,3,1,68.71092077087795,2629796,168306944,35.1958984375,1672,107019.6573875803,207000790,23.739830227220196,107019.6573875803,65.60851063829787,0.6332378387451172
217,4,16,2000,0,0,0,0,123,1048576,1048576,128974848,0,0,0,0,0,0,0,0,2624,8192,4194304,148455424,2624,340,91469,18550492,2624,340,91469,18550492,2577,5,69,51883,705982464,28671,0,0,8,9,1,13.8125,8002775,128044400,33.6638671875,441,7069.547256097561,229749618,25.421937652741175,7069.547256097561,20.133100504462554,0.6407818794250488
218,1024,2,2000,0,0,0,0,377,1048576,1048576,395313152,0,0,0,0,0,0,0,0,520,16384,4194304,144130048,520,428,74002,3978896,520,428,74002,3978896,503,3,22,8413,904101888,3952639,0,0,3,7,0,67.66923076923077,36223627,72447254,43.1109375,3825,7651.723076923077,225239404,6.760597813019393,7651.723076923077,16.725646123260436,0.6415793895721436
219,64,16,2000,0,0,0,0,446,1048576,1048576,467664896,0,0,0,0,0,0,0,0,306,8192,4194304,141107200,306,1893,76417,9227218,306,1893,76417,9227218,317,3,19,5247,1181896704,2732031,0,0,6,7,0,112.58169934640523,15292496,244679936,56.357226562499996,1884,30154.307189542484,225402134,16.181908943475335,30154.307189542484,16.55205047318612,0.6346101760864258
220,32,16,2000,0,0,0,0,433,1048576,1048576,454033408,0,0,0,0,0,0,0,0,593,8192,4153344,143917056,593,7872,67837,11711279,593,7872,67837,11711279,593,16,20,10344,1425084416,28671,0,0,8,9,0,59.251264755480605,12288756,196620096,67.9533203125,1234,19749.205733558178,223872537,19.108130138248793,19749.205733558178,17.443507588532885,0.6391663551330566
221,16,8,2000,0,0,0,0,343,1048576,1048576,359661568,0,0,0,0,0,0,0,0,2188,65536,262144,162529280,2188,1317,23757,7160675,2188,1317,23757,7160675,2180,8,18,21488,1540276224,192511,0,0,9,5,1,18.13528336380256,22697480,181579840,73.44609375,409,3272.703382084095,251170083,18.3080798425753,3272.703382084095,9.856880733944955,0.6420202255249023
222,2,16,2000,0,0,0,0,102,1048576,1048576,106954752,0,0,0,0,0,0,0,0,3524,16384,4194304,135282688,3525,344,85703,9902576,3525,344,85703,9902576,3534,8,21,58930,1509650432,28671,0,0,7,7,1,9.372304199772985,13661363,218581808,71.9857421875,175,2809.241418439716,209116022,17.97516107454031,2809.241418439716,16.675155631013016,0.6450145244598389
223,8,2,2000,0,0,0,0,88,1048576,1048576,92274688,0,0,0,0,0,0,0,0,409,32768,4194304,115343360,409,717,114417,4265987,409,717,114417,4265987,395,3,19,2394,1458925568,28671,0,0,3,5,1,68.85085574572128,27037907,54075814,69.5669921875,5215,10430.286063569682,181630248,24.995384783573513,10430.286063569682,6.060759493670886,0.63822340965271
224,128,128,2000,0,0,0,0,85,1048576,1048576,89128960,0,0,0,0,0,0,0,0,192,65536,4194304,122421248,192,728,474336,35681187,192,728,474336,35681187,318,2,131,25943,1401589760,70660095,0,0,9,3,0,155.66666666666666,3430974,439164672,66.8330078125,1451,185839.515625,198594415,14.633538797190942,185839.515625,81.58176100628931,0.6410739421844482
225,2,2,2000,0,0,0,0,0,0,0,0,0,0,0,0,0,0,0,0,88,524288,4194304,116817920,88,471244,761713,56642725,88,471244,761713,56642725,13,128,129,1676,1269043200,231370751,0,0,4,9,1,324.09090909090907,2062364,4124728,60.5126953125,321833,643667.3295454546,187439614,15.40507990456808,643667.3295454546,128.92307692307693,0.6209430694580078
226,16,4,2000,0,0,0,0,243,1048576,1048576,254803968,0,0,0,0,0,0,0,0,113,65536,4194304,102236160,113,851,1806322,41272367,113,851,1806322,41272367,82,3,9,481,1355026432,96555007,0,0,5,3,1,220.8849557522124,2477109,9908436,64.6126953125,91310,365242.18584070797,166433112,281.8925327509462,365242.18584070797,5.865853658536586,0.6095540523529053
227,1,2,2000,0,0,0,0,31,1048576,1048576,32505856,0,0,0,0,0,0,0,0,580,8192,4194304,111300608,580,292,110350,2759172,580,292,110350,2759172,577,2,7,2282,1345556480,200703,0,0,4,3,1,46.85,40338408,80676816,64.1611328125,2378,4757.193103448276,169562750,25.67446238989423,4757.193103448276,3.954939341421144,0.6342458724975586
228,8,256,2000,0,0,0,0,107,1048576,1048576,112197632,0,0,0,0,0,0,0,0,484,32768,4194304,116424704,484,796,464430,83576110,484,796,464430,83576110,741,3,265,150258,1298796544,3403775,0,0,0,9,1,58.72727272727273,1393038,356617728,61.9314453125,674,172677.9132231405,184158772,14.500319210316544,172677.9132231405,202.77732793522267,0.6280293464660645
229,1024,8,2000,0,0,0,0,191,1048576,1048576,200278016,0,0,0,0,0,0,0,0,355,32768,4194304,139395072,354,33272,563159,146692548,354,33272,563159,146692548,106,3,261,22046,1316630528,28671,0,0,9,2,0,95.86478873239436,950253,7602024,62.7818359375,51798,414385.72881355934,223967601,20.783645819530612,414385.72881355934,207.9811320754717,0.6381683349609375
230,128,256,2000,0,0,0,0,34,1048576,1048576,35651584,0,0,0,0,0,0,0,0,50,524288,4194304,123469824,50,177963,521617,15942720,50,177963,521617,15942720,297,9,258,44622,1227456512,111910911,0,0,7,0,1,602.88,7744589,1982614784,58.52968750000001,1245,318854.4,215589059,3.5202131021600556,318854.4,150.24242424242425,0.6364963054656982
231,1,16,2000,0,0,0,0,21,1048576,1048576,22020096,0,0,0,0,0,0,0,0,90,524288,4194304,121634816,90,617668,1239845,81607979,90,617668,1239845,81607979,14,257,257,3598,1104773120,181805055,0,0,1,2,1,329.9555555555556,1490477,23847632,52.67968750000001,56672,906755.3222222222,166365658,10.693048704171138,906755.3222222222,257.0,0.6353507041931152
232,32,64,2000,0,0,0,0,0,0,0,0,0,0,0,0,0,0,0,0,95,524288,4194304,106430464,95,1295739,1910973,152523636,95,1295739,1910973,152523636,0,0,0,0,986800128,326909951,0,0,8,2,1,273.5157894736842,697796,44658944,47.054296875,25086,1605511.957894737,185694989,0,1605511.957894737,0,0.6141335964202881
233,256,4,2000,0,0,0,0,302,1048576,1048576,316669952,0,0,0,0,0,0,0,0,94,131072,4194304,125583360,94,7094,2159079,126478496,94,7094,2159079,126478496,34,4,65,718,1107394560,232292351,0,0,5,4,0,326.17021276595744,992922,3971688,52.8046875,336378,1345515.914893617,197131494,195.34352254123306,1345515.914893617,21.11764705882353,0.6254746913909912
234,4,4,2000,0,0,0,0,145,1048576,1048576,152043520,0,0,0,0,0,0,0,0,896,16384,4194304,112205824,896,334,71996,3448786,896,334,71996,3448786,895,2,8,4954,1238724608,36863,0,0,5,9,1,30.573660714285715,32534875,130139500,59.0669921875,962,3849.0915178571427,169894734,22.744575125836825,3849.0915178571427,5.535195530726257,0.6248104572296143
235,4,256,2000,0,0,0,0,94,1048576,1048576,98566144,0,0,0,0,0,0,0,0,1919,8192,4194304,116776960,1919,328,132159,125621774,1919,328,132159,125621774,2171,2,263,440680,1195790336,28671,0,0,7,6,1,14.856696195935383,929591,237975296,57.0197265625,255,65462.102136529444,182023644,21.707218985441557,65462.102136529444,202.9847996315062,0.6404485702514648
236,8,16,2000,0,0,0,0,152,1048576,1048576,159383552,0,0,0,0,0,0,0,0,1796,32768,4194304,119504896,1796,1156,180108,69852749,1796,1156,180108,69852749,1555,4,263,79088,1185214464,118783,0,0,7,6,1,16.244988864142538,1710811,27372976,56.515429687499996,2430,38893.51280623608,188802591,47.07361510635489,38893.51280623608,50.860450160771705,0.6331729888916016
237,8,8,2000,0,0,0,0,145,1048576,1048576,152043520,0,0,0,0,0,0,0,0,1775,8192,4194304,118915072,1776,606,68101,7161314,1775,606,68101,7159790,1769,7,20,19125,1182814208,118783,0,0,0,7,1,16.356056338028168,16605202,132841616,56.400976562500006,504,4033.6845070422537,183672672,22.803291887788053,4032.2713963963965,10.811192764273601,0.6448934078216553
238,64,1,2000,0,0,0,0,201,1048576,1048576,210763776,0,0,0,0,0,0,0,0,688,32768,4194304,123928576,688,709,50680,2233598,688,709,50680,2233598,681,2,11,4531,1227124736,389119,0,0,2,3,0,43.97674418604651,55483831,55483831,58.513867187500004,3246,3246.5087209302324,193940309,11.095491634046718,3246.5087209302324,6.65345080763583,0.6408612728118896
239,1024,32,2000,0,0,0,0,93,1048576,1048576,97517568,0,0,0,0,0,0,0,0,75,233472,4194304,118235136,75,1934,505194,6606371,75,1934,505194,6606371,106,2,34,1497,1200631808,105541631,0,0,3,0,0,384.88,17897138,572708416,57.2505859375,2752,88084.94666666667,193788629,16.205424683404548,88084.94666666667,14.122641509433961,0.6326701641082764
240,512,8,2000,0,0,0,0,0,0,0,0,0,0,0,0,0,0,0,0,31,1835008,4194304,122359808,31,460719,1264372,17853990,31,460719,1264372,17853990,7,9,33,183,1064640512,312877055,0,0,9,4,1,963.6451612903226,6853359,54826872,50.76601562500001,71991,575935.1612903225,242451903,22.86143032828043,575935.1612903225,26.142857142857142,0.6316890716552734
241,256,16,2000,0,0,0,0,526,1048576,1048576,551550976,0,0,0,0,0,0,0,0,55,270336,4194304,122413056,55,123018,1427176,14745772,55,123018,1427176,14745772,63,9,18,1020,1394933760,29736959,0,0,7,4,0,543.3818181818182,8301569,132825104,66.515625,16756,268104.94545454544,160099150,30.474746389220215,268104.94545454544,16.19047619047619,0.6400351524353027
242,32,16,2000,0,0,0,0,209,1048576,1048576,219152384,0,0,0,0,0,0,0,0,203,131072,4194304,122945536,203,11069,172129,12384020,203,11069,172129,12384020,203,17,19,3558,1477578752,28671,0,0,7,9,1,147.86206896551724,9927756,158844096,70.45644531250001,3812,61005.02463054187,174936435,23.539591513343904,61005.02463054187,17.527093596059114,0.6379756927490234
243,1024,4,2000,0,0,0,0,223,1048576,1048576,233832448,0,0,0,0,0,0,0,0,85,131072,4194304,118620160,85,9780,137085,5064150,85,9780,137085,5064150,73,5,19,970,1543831552,2932735,0,0,5,6,0,340.70588235294116,23423508,93694032,73.615625,14894,59578.23529411765,190030735,13.160098180213021,59578.23529411765,13.287671232876713,0.6386246681213379
244,8,128,2000,0,0,0,0,132,1048576,1048576,138412032,0,0,0,0,0,0,0,0,597,32768,4194304,114049024,598,44935,193416,62776567,598,44935,193416,62776567,720,5,134,84183,1539293184,4333567,0,0,9,6,1,46.63986599664992,1816745,232543360,73.39921874999999,820,104977.53678929766,172283685,19.250729082228627,104977.53678929766,116.92083333333333,0.631462574005127
245,16,16,2000,0,0,0,0,131,1048576,1048576,137363456,0,0,0,0,0,0,0,0,591,32768,4194304,116424704,591,3771,181315,31006326,591,3771,181315,31006326,478,12,135,13743,1526190080,28671,0,0,7,9,0,48.09475465313029,3754869,60077904,72.7744140625,3279,52464.17258883249,184013266,37.941235114162666,52464.17258883249,28.751046025104603,0.630847692489624
246,512,4,2000,0,0,0,0,188,1048576,1048576,197132288,0,0,0,0,0,0,0,0,141,65536,4194304,131858432,141,8984,105421,5145494,141,8984,105421,5145494,129,5,20,1736,1542176768,1318911,0,0,6,7,0,228.31205673758865,25626000,102504000,73.53671874999999,9123,36492.86524822695,213935264,11.877337752001814,36492.86524822695,13.457364341085272,0.6361291408538818
247,32,8,2000,0,0,0,0,176,1048576,1048576,184549376,0,0,0,0,0,0,0,0,322,131072,4194304,119275520,323,3565,80533,5770399,322,3565,80533,5753736,326,5,12,3060,1549254656,974847,0,0,9,6,1,90.43478260869566,20670237,165361896,73.87421875,2233,17868.745341614907,183999845,21.045730086489623,17865.01238390093,9.386503067484663,0.6358609199523926
248,32,64,2000,0,0,0,0,157,1048576,1048576,164626432,0,0,0,0,0,0,0,0,291,131072,4194304,119406592,291,4167,207048,31845419,291,4167,207048,31845419,347,9,68,17443,1551454208,1101823,0,0,6,0,1,100.1786941580756,3749568,239972352,73.9791015625,1709,109434.4295532646,185530662,21.7313599881672,109434.4295532646,50.268011527377524,0.6388959884643555
249,64,16,2000,0,0,0,0,171,1048576,1048576,179306496,0,0,0,0,0,0,0,0,282,131072,4194304,119275520,282,15226,134469,19905686,282,15226,134469,19905686,234,15,66,6190,1565245440,2138111,0,0,6,4,0,103.26241134751773,5992032,95872512,74.63671875,4411,70587.5390070922,187133456,25.841099411493197,70587.5390070922,26.45299145299145,0.6377871036529541
250,64,256,2000,0,0,0,0,59,1048576,1048576,61865984,0,0,0,0,0,0,0,0,202,262144,4194304,114819072,202,24076,509504,41248000,202,24076,509504,41248000,441,17,259,70442,1509146624,80797695,0,0,7,2,1,138.77227722772278,2783627,712608512,71.96171875,797,204198.0198019802,181187585,9.212038039261289,204198.0198019802,159.73242630385488,0.6416563987731934
251,32,1,2000,0,0,0,0,70,1048576,1048576,73400320,0,0,0,0,0,0,0,0,233,262144,4194304,113508352,233,605179,865195,178745686,233,605179,865195,178745686,21,254,257,5388,1439678464,164372479,0,0,5,2,1,118.93562231759657,635027,635027,68.64921875,767148,767148.8669527897,181000749,25.139660377243246,767148.8669527897,256.57142857142856,0.6185901165008545
252,32,256,2000,0,0,0,0,201,1048576,1048576,210763776,0,0,0,0,0,0,0,0,354,131072,4194304,109182976,354,1303,1366205,100143884,354,1303,1366205,100143884,592,2,260,115415,1574813696,7413759,0,0,7,8,1,75.29943502824858,1090261,279106816,75.09296875,1105,282892.32768361585,178436034,19.27031892165956,282892.32768361585,194.95777027027026,0.6103372573852539
253,4,4,2000,0,0,0,0,85,1048576,1048576,89128960,0,0,0,0,0,0,0,0,333,32768,4194304,111562752,333,623,727892,148767787,333,623,727892,148767787,83,4,257,13740,1514897408,16383,0,0,7,0,1,81.7927927927928,749912,2999648,72.2359375,111687,446750.1111111111,180474817,32.994457462954294,446750.1111111111,165.5421686746988,0.6191940307617188
254,32,2,2000,0,0,0,0,157,1048576,1048576,164626432,0,0,0,0,0,0,0,0,363,32768,4194304,120127488,363,590,69294,2369878,363,590,69294,2369878,362,2,8,1414,1500262400,28671,0,0,4,5,0,80.79338842975207,50689313,101378626,71.5380859375,3264,6528.589531680441,185851493,20.687247141244402,6528.589531680441,3.9060773480662982,0.640866756439209
255,64,16,2000,0,0,0,0,154,1048576,1048576,161480704,0,0,0,0,0,0,0,0,173,131072,4194304,122159104,173,1280,134241,9491614,173,1280,134241,9491614,187,3,19,2856,1512378368,28671,0,0,7,9,0,172.39306358381504,12870214,205923424,72.1158203125,3429,54864.82080924856,196643477,20.838074241901694,54864.82080924856,15.272727272727273,0.6396257877349854
256,64,32,2000,0,0,0,0,129,1048576,1048576,135266304,0,0,0,0,0,0,0,0,158,262144,4194304,114819072,158,32825,197899,19101716,158,32825,197899,19101716,173,17,35,5311,1503326208,20459519,0,0,3,7,1,177.41772151898735,6010929,192349728,71.6841796875,3778,120896.93670886075,175343123,22.19668408657314,120896.93670886075,30.69942196531792,0.6390688419342041
257,2,2,2000,0,0,0,0,58,1048576,1048576,60817408,0,0,0,0,0,0,0,0,229,32768,4194304,121864192,229,594,206367,10525789,229,594,206367,10525789,197,2,34,1719,1455333376,8191,0,0,2,0,1,129.92139737991266,11577677,23155354,69.395703125,22982,45964.14410480349,190026108,40.54421012813937,45964.14410480349,8.725888324873097,0.6354305744171143
258,2,4,2000,0,0,0,0,36,1048576,1048576,37748736,0,0,0,0,0,0,0,0,371,32768,4194304,117997568,371,586,107581,3439971,371,586,107581,3439971,373,3,9,2151,1364779008,16383,0,0,5,3,1,77.64959568733154,34301907,137207628,65.07773437499999,2318,9272.159029649596,186007434,20.70666199765523,9272.159029649596,5.766756032171582,0.637197732925415
259,128,128,2000,0,0,0,0,59,1048576,1048576,61865984,0,0,0,0,0,0,0,0,83,32768,4194304,118259712,83,1789,512318,17213576,83,1789,512318,17213576,206,5,130,15788,1289678848,73650175,0,0,9,1,0,347.855421686747,6870142,879378176,61.4966796875,1620,207392.48192771085,203103674,7.77918921273513,207392.48192771085,76.64077669902913,0.6375699043273926
260,256,128,2000,0,0,0,0,2,1048576,1048576,2097152,0,0,0,0,0,0,0,0,81,524288,4194304,109576192,81,601758,1146890,73622639,81,601758,1146890,73622639,81,126,131,10439,1179054080,211922943,0,0,9,8,0,330.2716049382716,1488349,190508672,56.2216796875,7100,908921.4691358025,175242863,21.354098722625775,908921.4691358025,128.87654320987653,0.6215829849243164
261,1024,4,2000,0,0,0,0,7,1048576,1048576,7340032,0,0,0,0,0,0,0,0,76,454656,4194304,125235200,76,981108,1346359,82892321,76,981108,1346359,82892321,16,128,129,2063,1052770304,368164863,0,0,8,8,0,402.30263157894734,1510817,6043268,50.2,272672,1090688.4342105263,201434634,21.026577541696575,1090688.4342105263,128.9375,0.6267180442810059
262,1024,8,2000,0,0,0,0,182,1048576,1048576,190840832,0,0,0,0,0,0,0,0,69,1048576,4194304,113246208,69,85108,1578563,59779960,69,85108,1578563,59779960,21,8,11,198,1082130432,376307711,0,0,9,6,0,400.69565217391306,1894384,15155072,51.6,108297,866376.231884058,185873396,229.32214944584737,866376.231884058,9.428571428571429,0.617811918258667
263,32,256,2000,0,0,0,0,312,1048576,1048576,327155712,0,0,0,0,0,0,0,0,411,131072,4194304,126877696,411,137417,418794,115007529,411,137417,418794,115007529,659,9,259,136751,1254096896,209551359,0,0,7,6,1,75.36739659367396,1103212,282422272,59.8,1093,279823.6715328467,182549338,17.891874393833657,279823.6715328467,207.51289833080426,0.6259534358978271
264,8,32,2000,0,0,0,0,264,1048576,1048576,276824064,0,0,0,0,0,0,0,0,774,16384,262144,113393664,774,4391,240119,89200699,774,4391,240119,89200699,552,28,257,41838,1336262656,548863,0,0,3,9,1,35.76744186046512,1271219,40679008,63.71796875,3601,115246.3811369509,184153965,42.51161257678258,115246.3811369509,75.79347826086956,0.6064069271087646
265,1,2,2000,0,0,0,0,31,1048576,1048576,32505856,0,0,0,0,0,0,0,0,1075,16384,262144,119406592,1075,377,38588,6479912,1075,377,38588,6479912,1044,2,34,7811,1243041792,12287,0,0,3,2,1,27.11813953488372,18427193,36854386,59.272851562499994,3013,6027.825116279069,187037068,29.709450111238038,6027.825116279069,7.481800766283525,0.637843132019043
266,256,128,2000,0,0,0,0,68,1048576,1048576,71303168,0,0,0,0,0,0,0,0,298,16384,1048576,115081216,297,349,508391,24641532,297,349,508391,24641532,423,2,130,20841,1168359424,75137023,0,0,9,0,0,94.28187919463087,4670213,597787264,55.71171875,648,82968.12121212122,185333149,17.860961706990565,82968.12121212122,49.269503546099294,0.6378977298736572
267,256,256,2000,0,0,0,0,25,1048576,1048576,26214400,0,0,0,0,0,0,0,0,113,1048576,1048576,118489088,113,503794,971489,80498134,113,503794,971489,80498134,241,129,258,49994,1059307520,225181695,0,0,7,4,1,256.0,1471948,376818688,50.51171875,2782,712372.8672566372,194531395,13.414255101928603,712372.8672566372,207.44398340248964,0.6289653778076172
268,8,128,2000,0,0,0,0,0,0,0,0,0,0,0,0,0,0,0,0,47,1048576,4194304,110100480,47,717568,1460924,44233800,47,717568,1460924,44233800,16,257,257,4112,931774464,393215999,0,0,6,4,1,571.9148936170212,2489057,318599296,44.43046875,7352,941144.6808510638,190621345,6.403123262923848,941144.6808510638,257.0,0.6128160953521729
269,1024,1,2000,0,0,0,0,0,0,0,0,0,0,0,0,0,0,0,0,30,1048576,4194304,87031808,30,1328358,1775766,46541478,30,1328358,1775766,46541478,0,0,0,0,832815104,545357823,0,0,0,4,1,708.2666666666667,1869983,1869983,39.71171875,1551382,1551382.6,118274600,0,1551382.6,0,0.6170084476470947
270,256,2,2000,0,0,0,0,4,1048576,1048576,4194304,0,0,0,0,0,0,0,0,60,655360,4194304,146268160,61,2102232,2616182,141584748,61,2102232,2616182,141584748,0,0,0,0,683401216,761184255,0,0,9,4,1,595.1666666666666,1033078,2066156,32.587109375,1160530,2321061.4426229508,267266938,0,2321061.4426229508,0,0.6293647289276123
271,4,2,2000,0,0,0,0,0,0,0,0,0,0,0,0,0,0,0,0,47,925696,4194304,133947392,47,2351848,3337846,133881722,47,2351848,3337846,133881722,0,0,0,0,547356672,961781759,0,0,9,0,1,695.7872340425532,1000490,2000980,26.1,1424273,2848547.276595745,221365163,0,2848547.276595745,0,0.6218533515930176
272,64,64,2000,0,0,0,0,0,0,0,0,0,0,0,0,0,0,0,0,12,1048576,4194304,28311552,12,2972087,4061584,41614382,12,2972087,4061584,41614382,2,65,65,130,508559360,1025155071,0,0,5,2,1,576.0,680330,43541120,24.25,54185,3467865.1666666665,23241495,92.6246038105413,3467865.1666666665,65.0,0.6220998764038086
273,4,1,2000,0,0,0,0,550,1048576,1048576,576716800,0,0,0,0,0,0,0,0,1239,16384,4194304,173211648,1239,335,4317833,231940204,1239,335,4317833,231940204,1176,2,65,3694,839340032,28671,0,0,2,9,1,34.130750605326874,746794,746794,40.0228515625,187199,187199.5189669088,259029208,1746.1008335141137,187199.5189669088,3.141156462585034,0.6242337226867676
274,2,128,2000,0,0,0,0,59,1048576,1048576,61865984,0,0,0,0,0,0,0,0,3414,8192,1048576,115998720,3416,340,45699,70343143,3414,340,45699,70281560,3542,2,136,408820,781635584,28671,0,0,0,9,1,8.295254833040422,1649040,211077120,37.2712890625,160,20586.280023432922,180369438,21.50753299455221,20592.254976580796,115.42066629023151,0.6415672302246094
275,2,1,2000,0,0,0,0,32,1048576,1048576,33554432,0,0,0,0,0,0,0,0,1913,8192,1048576,77889536,1913,319,51913,20278612,1913,319,51913,20278612,1785,1,137,58517,733810688,184319,0,0,2,5,1,9.940407736539466,3840969,3840969,34.9908203125,10600,10600.424464192369,122584480,32.52933795369894,10600.424464192369,32.78263305322129,0.636059045791626
276,128,256,2000,0,0,0,0,177,1048576,1048576,185597952,0,0,0,0,0,0,0,0,537,8192,1048576,117604352,537,295,516941,49648544,537,295,516941,49648544,792,1,261,80608,775946240,32702463,0,0,5,4,0,53.46741154562383,2368737,606396672,37.0,361,92455.38919925512,185013450,16.989872013101657,92455.38919925512,101.77777777777777,0.6411314010620117
277,4,4,2000,0,0,0,0,140,1048576,1048576,146800640,0,0,0,0,0,0,0,0,265,524288,1048576,141557760,265,441668,1156727,178533681,265,441668,1156727,178533681,45,255,257,11562,750780416,85540863,0,0,7,6,1,130.41509433962264,792891,3171564,35.8,168428,673712.003773585,227173114,20.106013705998098,673712.003773585,256.93333333333334,0.6347670555114746
278,32,256,2000,0,0,0,0,300,1048576,1048576,314572800,0,0,0,0,0,0,0,0,1479,16384,524288,138412032,1479,329,729227,116526893,1479,329,729227,116526893,1731,3,260,224630,910098432,2195455,0,0,5,4,0,22.84787018255578,1187811,304079616,43.396875,307,78787.62204192021,211461453,26.573060793484764,78787.62204192021,129.7689196995956,0.6390795707702637
279,2,16,2000,0,0,0,0,91,1048576,1048576,95420416,0,0,0,0,0,0,0,0,4585,8192,524288,148283392,4595,302,222951,91272149,4595,302,222951,91272149,4345,11,260,114673,870428672,28671,0,0,7,3,1,7.895747001090513,1624629,25994064,41.5052734375,1241,19863.36213275299,232961583,95.32090187283218,19863.36213275299,26.391944764096664,0.6354775428771973
280,1,8,2000,0,0,0,0,50,1048576,1048576,52428800,0,0,0,0,0,0,0,0,7028,8192,524288,118964224,7028,288,20724,6655272,7028,288,20724,6655272,7018,3,22,78653,798228480,196607,0,0,0,1,1,4.132612407512806,17875185,143001480,38.0625,118,946.9652817302219,183944101,20.44595748005234,946.9652817302219,11.207324023938444,0.6455104351043701
281,512,8,2000,0,0,0,0,278,1048576,1048576,291504128,0,0,0,0,0,0,0,0,904,8192,2097152,119504896,904,296,147645,5739025,904,296,147645,5739025,905,5,13,8943,920125440,3416063,0,0,0,0,0,32.27433628318584,20823205,166585640,43.875,793,6348.478982300885,185485014,19.905711928065514,6348.478982300885,9.881767955801106,0.6442832946777344
282,512,4,2000,0,0,0,0,310,1048576,1048576,325058560,0,0,0,0,0,0,0,0,58,2097152,2097152,121634816,58,52314,113152,4397692,58,52314,113152,4397692,53,5,10,331,1103626240,4726783,0,0,5,9,1,512.0,27658784,110635136,52.625,18955,75822.27586206897,207678080,23.71235732563288,75822.27586206897,6.245283018867925,0.6361796855926514
283,32,32,2000,0,0,0,0,286,1048576,1048576,299892736,0,0,0,0,0,0,0,0,713,131072,2097152,122945536,713,21087,66656,18742970,713,21087,66656,18742970,740,5,35,24044,1238634496,20479,0,0,4,2,1,42.09817671809257,6559554,209905728,59.062695312500004,821,26287.475455820477,177244154,19.218106412674846,26287.475455820477,32.49189189189189,0.6383821964263916
284,512,64,2000,0,0,0,0,176,1048576,1048576,184549376,0,0,0,0,0,0,0,0,150,131072,2097152,117571584,150,31823,517008,17749527,150,31823,517008,17749527,182,32,68,8708,1286963200,15712255,0,0,5,7,0,191.36,6623927,423931328,61.3671875,1848,118330.18,192455145,12.924011341395218,118330.18,47.84615384615385,0.6276834011077881
285,2,8,2000,0,0,0,0,64,1048576,1048576,67108864,0,0,0,0,0,0,0,0,58,1048576,2097152,116391936,58,601504,743241,41348395,58,601504,743241,41348395,9,65,65,585,1212870656,28671,0,0,6,5,1,489.9310344827586,2814908,22519264,57.8341796875,89112,712903.3620689656,197627911,22.38630186677062,712903.3620689656,65.0,0.6300396919250488
286,8,8,2000,0,0,0,0,96,1048576,1048576,100663296,0,0,0,0,0,0,0,0,500,8192,2097152,103940096,500,288,1446168,11859123,500,288,1446168,11859123,500,5,13,4886,1184751616,2191359,0,0,9,3,0,50.752,8764568,70116544,56.493359375,2964,23718.246,146798029,47.82400570975363,23718.246,9.772,0.6387720108032227
287,1,64,2000,0,0,0,0,35,1048576,1048576,36700160,0,0,0,0,0,0,0,0,588,4096,2097152,116219904,588,638,246664,36539227,588,638,246664,36539227,644,6,70,34204,1105240064,86015,0,0,5,4,1,48.255102040816325,3180688,203564032,52.701953125,970,62141.542517006805,180756211,24.24642764074895,62141.542517006805,53.11180124223603,0.6380817890167236
288,256,128,2000,0,0,0,0,52,1048576,1048576,54525952,0,0,0,0,0,0,0,0,277,8192,2097152,136581120,277,8623,524546,24730828,277,8623,524546,24730828,341,63,132,29853,1003974656,118878207,0,0,9,5,0,120.37906137184116,5522707,706906496,47.8732421875,697,89280.96750902527,219110830,8.471773446271998,89280.96750902527,87.54545454545455,0.6390852928161621
289,1,128,2000,0,0,0,0,10,1048576,1048576,10485760,0,0,0,0,0,0,0,0,69,1048576,2097152,119635968,69,602354,1227255,63503590,69,602354,1227255,63503590,69,129,130,8902,882241536,217460735,0,0,9,7,1,423.30434782608694,1883924,241142272,42.0685546875,7190,920341.8840579711,207748158,16.85225253361399,920341.8840579711,129.0144927536232,0.6296229362487793
290,1024,2,2000,0,0,0,0,360,1048576,1048576,377487360,0,0,0,0,0,0,0,0,134,8192,2097152,115752960,134,553256,1258975,138487062,134,553256,1258975,138487062,8,129,129,1032,1061138432,116617215,0,0,3,3,0,210.8955223880597,835839,1671678,50.5990234375,516742,1033485.5373134328,169023656,37.988079132309615,1033485.5373134328,129.0,0.6078424453735352
291,128,4,2000,0,0,0,0,205,1048576,1048576,214958080,0,0,0,0,0,0,0,0,92,524288,4194304,122159104,92,12889,88212,3191139,92,12889,88212,3191139,95,3,6,506,1225281536,28671,0,0,5,7,1,324.17391304347825,38280721,153122884,58.425976562500004,8671,34686.29347826087,198525755,20.08875024650546,34686.29347826087,5.326315789473684,0.6357195377349854
292,64,8,2000,0,0,0,0,203,1048576,1048576,212860928,0,0,0,0,0,0,0,0,172,262144,2097152,120586240,172,10729,91406,5486957,172,10729,91406,5486957,175,5,11,1611,1297805312,28671,0,0,9,1,1,171.1627906976744,21976888,175815104,61.884179687499994,3987,31900.912790697676,190027796,20.245861397019134,31900.912790697676,9.205714285714286,0.6328384876251221
293,32,4,2000,0,0,0,0,179,1048576,1048576,187695104,0,0,0,0,0,0,0,0,165,32768,4194304,116256768,164,1426,132306,3830531,164,1426,132306,3830531,161,4,11,1055,1339682816,28671,0,0,5,7,0,172.01818181818183,30350039,121400156,63.881054687500004,5839,23356.896341463416,177922138,20.721166324978775,23356.896341463416,6.552795031055901,0.6377506256103516
294,16,2,2000,0,0,0,0,187,1048576,1048576,196083712,0,0,0,0,0,0,0,0,351,4096,4194304,107737088,351,363,94211,2440290,351,363,94211,2440290,346,2,7,1239,1403334656,28671,0,0,3,4,1,74.93732193732194,44149297,88298594,66.9162109375,3476,6952.393162393162,166195778,25.908421129472796,6952.393162393162,3.5809248554913293,0.6325972080230713
295,1,8,2000,0,0,0,0,52,1048576,1048576,54525952,0,0,0,0,0,0,0,0,1595,4096,4194304,112369664,1595,272,81528,5070931,1595,272,81528,5070931,1600,3,14,15954,1339674624,12287,0,0,9,7,1,17.2,22159572,177276576,63.8806640625,397,3179.2670846394985,177483618,18.537405999454823,3179.2670846394985,9.97125,0.6315112113952637
296,256,32,2000,0,0,0,0,111,1048576,1048576,116391936,0,0,0,0,0,0,0,0,489,4096,4194304,130904064,489,282,418641,13932045,489,282,418641,13932045,512,7,36,6628,1295122432,137576447,0,0,3,4,0,65.3558282208589,9395897,300668704,61.75625,890,28490.889570552146,206871662,33.6751196930935,28490.889570552146,12.9453125,0.6335961818695068
297,1,16,2000,0,0,0,0,59,1048576,1048576,61865984,0,0,0,0,0,0,0,0,341,4096,4194304,124387328,341,300,689722,22096601,341,300,689722,22096601,326,14,33,5880,1213599744,16383,0,0,8,8,1,89.05571847507332,5629251,90068016,57.868945312499996,4049,64799.41642228739,198096717,40.34126912817286,64799.41642228739,18.03680981595092,0.6385891437530518
298,512,128,2000,0,0,0,0,56,1048576,1048576,58720256,0,0,0,0,0,0,0,0,87,4096,4194304,118226944,87,1179,519638,13208466,87,1179,519638,13208466,202,13,130,15385,1138229248,116129791,0,0,9,6,0,331.7701149425287,8950845,1145708160,54.275,1186,151821.44827586206,199285886,6.008274078763331,151821.44827586206,76.16336633663366,0.6399807929992676
299,16,1,2000,0,0,0,0,0,0,0,0,0,0,0,0,0,0,0,0,41,1048576,4194304,120586240,41,599176,1210869,37458578,41,599176,1210869,37458578,6,129,129,774,1005584384,314859519,0,0,4,4,1,718.0487804878048,3219188,3219188,47.949999999999996,913623,913623.8536585366,194748801,9.86333470256151,913623.8536585366,129.0,0.6167964935302734
300,1,32,2000,0,0,0,0,1,1048576,1048576,1048576,0,0,0,0,0,0,0,0,26,1048576,4194304,68157440,26,1289231,1661475,38891105,26,1289231,1661475,38891105,0,0,0,0,927989760,414793727,0,0,5,0,1,640.0,1752520,56080640,44.25,46744,1495811.7307692308,112283229,0,1495811.7307692308,0,0.618971586227417
301,4,256,2000,0,0,0,0,5,1048576,1048576,5242880,0,0,0,0,0,0,0,0,55,1048576,4194304,171950080,55,1629592,2442053,117522090,55,1629592,2442053,117522090,247,59,259,40601,759185408,639188991,0,0,7,6,1,763.2727272727273,1463129,374561024,36.200781250000006,8346,2136765.272727273,298072389,17.030888080248392,2136765.272727273,164.3765182186235,0.6063206195831299
302,32,64,2000,0,0,0,0,534,1048576,1048576,559939584,0,0,0,0,0,0,0,0,410,16384,4194304,119554048,410,20771,2904718,190108429,410,20771,2904718,190108429,214,24,263,19111,1113440256,124428287,0,0,5,2,0,71.19024390243902,628872,40247808,53.092968750000004,7244,463679.0951219512,157099143,72.93355724371214,463679.0951219512,89.30373831775701,0.6309866905212402
303,2,128,2000,0,0,0,0,42,1048576,1048576,44040192,0,0,0,0,0,0,0,0,386,8192,4194304,115998720,386,11531,351436,77217640,386,11531,351436,77217640,451,59,137,54527,1151627264,4095,0,0,9,2,1,73.3678756476684,1502230,192285440,54.913867187499996,1562,200045.69948186527,184940239,22.55216357852674,200045.69948186527,120.90243902439025,0.6339635848999023
304,4,128,2000,0,0,0,0,63,1048576,1048576,66060288,0,0,0,0,0,0,0,0,605,8192,4194304,110571520,606,8579,260033,78938175,606,8579,260033,78938175,604,115,135,77283,1087311872,28671,0,0,9,4,0,44.6198347107438,1400735,179294080,51.8470703125,1017,130261.01485148515,172844616,22.815997812189206,130261.01485148515,127.95198675496688,0.6335849761962891
305,256,16,2000,0,0,0,0,200,1048576,1048576,209715200,0,0,0,0,0,0,0,0,252,16384,4194304,142397440,252,100199,344054,48396020,252,100199,344054,48396020,140,16,134,11886,1123733504,28671,0,0,8,9,0,137.95634920634922,2942337,47077392,53.583789062499996,12002,192047.6984126984,226664219,16.39682356566392,192047.6984126984,84.9,0.6409177780151367
306,32,8,2000,0,0,0,0,178,1048576,1048576,186646528,0,0,0,0,0,0,0,0,189,131072,4194304,120193024,189,4357,194567,8630239,189,4357,194567,8630239,182,8,18,1835,1176502272,417791,0,0,9,6,1,155.25925925925927,13926963,111415704,56.10000000000001,5707,45662.64021164021,190790475,29.17016114774216,45662.64021164021,10.082417582417582,0.6362788677215576
307,4,4,2000,0,0,0,0,109,1048576,1048576,114294784,0,0,0,0,0,0,0,0,1772,16384,2097152,121356288,1772,328,18583,3852100,1772,328,18583,3852100,1767,3,11,10492,1160888320,20479,0,0,6,1,1,16.720090293453726,31503929,126015716,55.35546875,543,2173.8713318284426,183492496,21.896438637426623,2173.8713318284426,5.937747594793435,0.6324167251586914
308,64,128,2000,0,0,0,0,180,1048576,1048576,188743680,0,0,0,0,0,0,0,0,636,16384,2097152,112267264,636,344,307172,57375102,636,344,307172,57375102,760,3,131,51478,1197928448,28671,0,0,6,1,0,43.09591194968554,1956724,250460672,57.121679687500006,704,90212.42452830188,177373117,30.90453450553075,90212.42452830188,67.73421052631579,0.6365985870361328
309,2,32,2000,0,0,0,0,78,1048576,1048576,81788928,0,0,0,0,0,0,0,0,1749,8192,2097152,119406592,1748,650,231814,52888433,1748,650,231814,52888433,1655,23,130,62187,1156694016,24575,0,0,3,8,1,16.66781017724414,2257707,72246624,55.155468750000004,945,30256.540617848972,185037179,48.310231376230824,30256.540617848972,37.575226586102715,0.6406943798065186
310,1024,1,2000,0,0,0,0,226,1048576,1048576,236978176,0,0,0,0,0,0,0,0,896,8192,4194304,114950144,896,603,145965,5054723,896,603,145965,5054723,866,2,41,27784,1233711104,757759,0,0,2,9,0,31.321428571428573,22741136,22741136,58.8279296875,5641,5641.431919642857,179967283,5.613980647069377,5641.431919642857,32.083140877598154,0.6390156745910645
311,256,16,2000,0,0,0,0,217,1048576,1048576,227540992,0,0,0,0,0,0,0,0,83,921600,4194304,116260864,83,42653,132931,8733194,83,42653,132931,8733194,98,2,18,1536,1314222080,28671,0,0,8,9,1,341.9759036144578,13312525,213000400,62.6669921875,6576,105219.2048192771,199259001,19.630635969354802,105219.2048192771,15.673469387755102,0.638416051864624
312,64,4,2000,0,0,0,0,220,1048576,1048576,230686720,0,0,0,0,0,0,0,0,255,262144,4194304,115343360,255,4297,121655,6061517,255,4297,121655,6061517,244,5,18,1543,1400262656,28671,0,0,6,5,1,110.43137254901961,19028794,76115176,66.7697265625,5942,23770.654901960785,169029869,34.03866959656513,23770.654901960785,6.323770491803279,0.6321454048156738
313,128,8,2000,0,0,0,0,203,1048576,1048576,212860928,0,0,0,0,0,0,0,0,121,262144,4194304,131858432,121,3339,111520,5458735,121,3339,111520,5458735,124,5,11,1045,1447006208,28671,0,0,9,7,0,266.0495867768595,24155492,193243936,68.9986328125,5639,45113.51239669421,219429769,20.12099472542734,45113.51239669421,8.42741935483871,0.6332418918609619
314,128,256,2000,0,0,0,0,56,1048576,1048576,58720256,0,0,0,0,0,0,0,0,162,524288,4194304,146276352,162,22754,518202,36154513,162,22754,518202,36154513,410,9,262,69716,1355476992,175525887,0,0,7,6,1,220.44444444444446,4045867,1035741952,64.63417968750001,871,223176.0061728395,223624970,5.95387535693328,223176.0061728395,170.0390243902439,0.6385211944580078
315,1024,8,2000,0,0,0,0,0,0,0,0,0,0,0,0,0,0,0,0,117,524288,4194304,149417984,117,587631,1157173,102547058,117,587631,1157173,102547058,21,256,257,5394,1193476096,424976383,0,0,1,0,0,311.78632478632477,1457067,11656536,56.909375,109558,876470.5811965812,227660301,10.94431623405558,876470.5811965812,256.85714285714283,0.6341662406921387
316,4,1,2000,0,0,0,0,8,1048576,1048576,8388608,0,0,0,0,0,0,0,0,82,524288,4194304,139460608,82,1217121,1921773,139928945,82,1217121,1921773,139928945,0,0,0,0,1046675456,618938367,0,0,3,2,1,415.219512195122,996653,996653,49.909375,1706450,1706450.5487804879,235828336,0,1706450.5487804879,0,0.6075849533081055
317,16,256,2000,0,0,0,0,122,1048576,1048576,127926272,0,0,0,0,0,0,0,0,299,65536,4194304,142606336,303,198848,2461745,197892920,301,198848,2461745,197103385,498,38,262,102509,993402880,715444223,0,0,7,6,1,116.44147157190635,720623,184479488,47.369140625,2557,654828.5215946843,222482967,27.248794194712822,653111.9471947195,205.8413654618474,0.633049488067627
318,128,16,2000,0,0,0,0,563,1048576,1048576,590348288,0,0,0,0,0,0,0,0,371,65536,4194304,141950976,371,6672,518153,129411815,371,6672,518153,129411815,131,8,257,18078,1315438592,426434559,0,0,7,2,0,93.41239892183289,1096893,17550288,62.724999999999994,21801,348818.90835579514,225119514,27.05929060948519,348818.90835579514,138.0,0.6276252269744873
319,1024,256,2000,0,0,0,0,150,1048576,1048576,157286400,0,0,0,0,0,0,0,0,54,524288,4194304,132120576,54,80539,499369,10696669,54,80539,499369,10696669,293,17,257,39591,1376780288,397926399,0,0,7,4,0,597.3333333333334,12351562,3161999872,65.64999999999999,773,198086.46296296295,232532383,2.4541957269842567,198086.46296296295,135.12286689419795,0.6303164958953857
320,16,1,2000,0,0,0,0,1,1048576,1048576,1048576,0,0,0,0,0,0,0,0,37,4194304,4194304,155189248,38,600218,1228727,34302631,37,600218,1206683,33073904,5,257,257,1285,1205862400,588210175,0,0,5,4,1,1024.0,4524120,4524120,57.49999999999999,893889,893889.2972972973,251835923,3.4301313829548947,902700.8157894737,257.0,0.6314985752105713
321,8,8,2000,0,0,0,0,0,0,0,0,0,0,0,0,0,0,0,0,33,4194304,4194304,138412032,33,1308214,1799004,52334385,33,1308214,1799004,52334385,0,0,0,0,1054867456,750780415,0,0,8,4,1,1024.0,2644762,21158096,50.3,198236,1585890.4545454546,244938246,0,1585890.4545454546,0,0.6164612770080566
322,256,16,2000,0,0,0,0,2,1048576,1048576,2097152,0,0,0,0,0,0,0,0,29,3932160,4194304,121307136,28,1887102,2455435,62023658,28,1887102,2455435,62023658,0,0,0,0,918880256,903864319,0,0,5,6,1,1021.2413793103449,1955820,31293120,43.815625000000004,138445,2215130.6428571427,176174579,0,2215130.6428571427,0,0.6168184280395508
323,128,4,2000,0,0,0,0,15,1048576,1048576,15728640,0,0,0,0,0,0,0,0,17,4194304,4194304,71303168,17,2580232,3139821,47332434,17,2580232,3139821,47332434,0,0,0,0,853868544,967532543,0,0,6,0,1,1024.0,1506433,6025732,40.715625,696065,2784260.8235294116,122881038,0,2784260.8235294116,0,0.6148545742034912
324,8,256,2000,0,0,0,0,37,1048576,1048576,38797312,0,0,0,0,0,0,0,0,27,4194304,4194304,113246208,27,3411115,3955765,99687459,27,3411115,3955765,99687459,173,112,258,33761,676659200,1136902143,0,0,7,0,1,1024.0,1136012,290819072,32.265625,14422,3692128.111111111,191817726,18.475985235084902,3692128.111111111,195.15028901734104,0.612250566482544
325,4,2,2000,0,0,0,0,0,0,0,0,0,0,0,0,0,0,0,0,18,4194304,4194304,75497472,18,3868672,4634434,79372846,18,3868672,4634434,79372846,2,257,257,514,584384512,1239670783,0,0,1,2,1,1024.0,951175,1902350,27.865624999999998,2204801,4409602.555555556,82370705,16.755846286613707,4409602.555555556,257.0,0.6110382080078125
326,16,8,2000,0,0,0,0,45,1048576,1048576,47185920,0,0,0,0,0,0,0,0,158,524288,4194304,145227776,158,1342733,5422023,303610852,158,1342733,5422023,303610852,0,0,0,0,385351680,1437941759,0,0,7,6,1,224.40506329113924,478335,3826680,18.375,240198,1921587.670886076,238097787,0,1921587.670886076,0,0.6193573474884033
327,32,64,2000,0,0,0,0,128,1048576,1048576,134217728,0,0,0,0,0,0,0,0,115,32768,4194304,134545408,115,130646,5878983,139067186,115,130646,5878983,139067186,158,20,67,9176,352686080,1466605567,0,0,6,2,0,285.6347826086957,967484,61918976,16.8173828125,18894,1209279.8782608695,215281156,72.89863844339052,1209279.8782608695,58.075949367088604,0.6276955604553223
328,8,16,2000,0,0,0,0,597,1048576,1048576,625999872,0,0,0,0,0,0,0,0,299,32768,4194304,114622464,299,2296,301248,26147973,299,2296,301248,26147973,250,8,66,5154,938147840,498368511,0,0,7,8,1,93.59197324414716,4383608,70137728,44.734375,5465,87451.41471571906,181368462,45.3235407344027,87451.41471571906,20.616,0.6080780029296875
329,32,8,2000,0,0,0,0,433,1048576,1048576,454033408,0,0,0,0,0,0,0,0,663,32768,4194304,117112832,663,2515,214259,8195288,663,2515,214259,8195288,655,9,21,6721,1288368128,28671,0,0,9,5,0,43.125188536953246,14290264,114322112,61.4341796875,1545,12360.917043740574,190610442,27.9336115610211,12360.917043740574,10.261068702290077,0.6086714267730713
330,2,1,2000,0,0,0,0,45,1048576,1048576,47185920,0,0,0,0,0,0,0,0,877,131072,131072,114950144,877,1005,8737,2236322,877,1005,8737,2236322,869,2,10,3347,1221365760,12287,0,0,2,5,1,32.0,51401427,51401427,58.2392578125,2549,2549.968072976055,177154302,20.689444422394978,2549.968072976055,3.851553509781358,0.6413760185241699
331,256,64,2000,0,0,0,0,78,1048576,1048576,81788928,0,0,0,0,0,0,0,0,234,131072,1048576,116916224,234,1052,487706,23998612,234,1052,487706,23998612,296,2,67,8598,1159069696,57540607,0,0,5,6,0,121.98290598290598,4871791,311794624,55.26875,1602,102558.17094017094,187409410,28.94446734927405,102558.17094017094,29.0472972972973,0.6357860565185547
332,1024,64,2000,0,0,0,0,134,1048576,1048576,140509184,0,0,0,0,0,0,0,0,88,1048576,4194304,142606336,88,193829,666743,23699749,88,193829,666743,23699749,88,64,66,5727,1103233024,205053951,0,0,5,2,0,395.6363636363636,6017208,385101312,52.606249999999996,4208,269315.32954545453,241893437,10.459727296333671,269315.32954545453,65.07954545454545,0.6127109527587891
333,1,2,2000,0,0,0,0,0,0,0,0,0,0,0,0,0,0,0,0,36,1048576,4194304,144703488,36,533236,955601,28034576,36,533236,955601,28034576,8,65,65,520,943063040,462954495,0,0,7,0,1,981.3333333333334,5161607,10323214,44.96875,389369,778738.2222222222,263461437,12.208479654403567,778738.2222222222,65.0,0.625281810760498
334,512,128,2000,0,0,0,0,0,0,0,0,0,0,0,0,0,0,0,0,21,32768,4194304,81788928,21,259594,992388,19566035,21,259594,992388,19566035,116,30,129,9838,848691200,619110399,0,0,9,6,1,950.8571428571429,4180148,535058944,40.46875,7279,931715.9523809524,142575293,11.553655904336145,931715.9523809524,84.8103448275862,0.6221592426300049
335,2,2,2000,0,0,0,0,39,1048576,1048576,40894464,0,0,0,0,0,0,0,0,102,32768,2097152,197165056,102,115745,2632302,111822256,102,115745,2632302,111822256,1,129,129,129,688226304,782991359,0,0,8,8,1,471.921568627451,1763200,3526400,32.8171875,548148,1096296.6274509805,286109686,18.008126844740936,1096296.6274509805,129.0,0.6206591129302979
336,64,8,2000,0,0,0,0,775,1048576,1048576,812646400,0,0,0,0,0,0,0,0,303,131072,2097152,123830272,303,10685,1506992,34560101,303,10685,1506992,34560101,289,9,11,2710,1233125376,252862463,0,0,9,6,1,99.77557755775578,3583041,28664328,58.8,14257,114059.7392739274,183315018,121.90925464232811,114059.7392739274,9.377162629757786,0.6112127304077148
337,512,8,2000,0,0,0,0,340,1048576,1048576,356515840,0,0,0,0,0,0,0,0,131,262144,2097152,122945536,131,10760,115382,5675936,131,10760,115382,5675936,130,9,11,1226,1536118784,28671,0,0,9,1,0,229.12977099236642,21660839,173286712,73.2478515625,5415,43327.75572519084,200735136,20.051070098122757,43327.75572519084,9.430769230769231,0.6362316608428955
338,16,2,2000,0,0,0,0,230,1048576,1048576,241172480,0,0,0,0,0,0,0,0,1093,65536,2097152,121896960,1093,670,112569,3243509,1093,670,112569,3243509,1087,2,10,3712,1572077568,147455,0,0,3,7,1,27.227813357731016,37581816,75163632,74.9625,1483,2967.5288197621226,181654887,31.915654646293916,2967.5288197621226,3.4149034038638453,0.6263794898986816
339,32,128,2000,0,0,0,0,183,1048576,1048576,191889408,0,0,0,0,0,0,0,0,881,65536,4194304,122159104,881,638,230344,54539091,881,638,230344,54539091,1008,3,132,85085,1603215360,843775,0,0,0,6,0,33.85244040862656,2239844,286700032,76.447265625,483,61905.89216799092,190915642,21.664543062340332,61905.89216799092,84.40972222222223,0.6381065845489502
340,256,1,2000,0,0,0,0,199,1048576,1048576,208666624,0,0,0,0,0,0,0,0,208,131072,4194304,119799808,208,9153,526439,52144735,208,9153,526439,52144735,80,2,132,5777,1622147072,851967,0,0,1,4,0,140.6153846153846,2297447,2297447,77.35,250695,250695.84134615384,188071553,24.688909635243355,250695.84134615384,72.2125,0.6400530338287354
341,1024,128,2000,0,0,0,0,35,1048576,1048576,36700160,0,0,0,0,0,0,0,0,40,1048576,4194304,116391936,40,9562,513587,6444650,40,9562,513587,6444650,168,2,130,11029,1544552448,94052351,0,0,9,8,0,710.4,18060241,2311710848,73.65,1258,161116.25,221646141,3.4546936148679284,161116.25,65.64880952380952,0.6406795978546143
342,1,2,2000,0,0,0,0,0,0,0,0,0,0,0,0,0,0,0,0,27,3145728,4194304,112197632,27,626002,1204156,24585884,27,626002,1204156,24585884,4,129,129,516,1419771904,239108095,0,0,6,0,1,1014.5185185185185,4563497,9126994,67.7,455294,910588.2962962963,175310737,6.95780695319858,910588.2962962963,129.0,0.6328320503234863
343,16,256,2000,0,0,0,0,0,0,0,0,0,0,0,0,0,0,0,0,24,4194304,4194304,100663296,24,1294892,1768570,37088340,24,1294892,1768570,37088340,178,100,257,33344,1306525696,375062527,0,0,7,4,1,1024.0,2714149,694822144,62.3,6036,1545347.5,170154958,8.05616777826408,1545347.5,187.32584269662922,0.617617130279541
344,8,16,2000,0,0,0,0,0,0,0,0,0,0,0,0,0,0,0,0,169,65536,4194304,156958720,169,951213,2583729,214138258,169,951213,2583729,214138258,0,0,0,0,1149566976,561537023,0,0,8,4,1,226.74556213017752,732978,11727648,54.815625000000004,79193,1267090.2840236686,219988594,0,1267090.2840236686,0,0.6137981414794922
345,256,256,2000,0,0,0,0,0,0,0,0,0,0,0,0,0,0,0,0,89,65536,4194304,116981760,89,132415,2927169,78322603,89,132415,2927169,78322603,261,82,257,49433,1019215872,717414399,0,0,7,1,1,320.8988764044944,1493588,382358528,48.6,3437,880029.2471910112,190530697,14.47946278232127,880029.2471910112,189.39846743295018,0.6232726573944092
346,32,4,2000,0,0,0,0,0,0,0,0,0,0,0,0,0,0,0,0,79,1048576,4194304,118489088,79,573936,4057883,78509123,79,573936,4057883,78509123,10,257,257,2570,887881728,871735295,0,0,8,1,1,366.17721518987344,1509239,6036956,42.3375,248446,993786.3670886076,192497719,10.56011369163424,993786.3670886076,257.0,0.630070686340332
347,256,4,2000,0,0,0,0,8,1048576,1048576,8388608,0,0,0,0,0,0,0,0,63,262144,4194304,118226944,63,1399442,4245306,155652356,63,1399442,4245306,155652356,0,0,0,0,768606208,1011974143,0,0,3,3,1,458.1587301587302,759557,3038228,36.65,617668,2470672.3174603176,182766167,0,2470672.3174603176,0,0.6120274066925049
348,512,2,2000,0,0,0,0,1,1048576,1048576,1048576,0,0,0,0,0,0,0,0,75,1003520,4194304,108941312,75,1621654,4960931,178127070,75,1621654,4960931,178127070,0,0,0,0,656519168,1141166079,0,0,5,9,1,354.62666666666667,611593,1223186,31.3052734375,1187513,2375027.6,183592948,0,2375027.6,0,0.6022791862487793
349,256,1,2000,0,0,0,0,685,1048576,1048576,718274560,0,0,0,0,0,0,0,0,61,1048576,4194304,117440512,61,10033,5913544,120476913,61,10033,5913544,120476913,28,2,3,77,1112649728,687984639,0,0,2,3,1,470.0327868852459,974796,974796,53.05527343749999,1975031,1975031.3606557378,184623431,1527.9640954748377,1975031.3606557378,2.75,0.6176261901855469
350,4,8,2000,0,0,0,0,399,1048576,1048576,418381824,0,0,0,0,0,0,0,0,369,16384,4194304,109490176,369,429,62628,5227658,369,429,62628,5227658,375,2,13,3561,1452920832,1085439,0,0,9,5,1,72.44173441734418,20944403,167555224,69.2806640625,1770,14167.09485094851,178559785,20.594500161788496,14167.09485094851,9.496,0.6065764427185059
351,128,2,2000,0,0,0,0,149,1048576,1048576,156237824,0,0,0,0,0,0,0,0,197,65536,4194304,115605504,197,1771,57713,2874332,197,1771,57713,2874332,191,3,12,1218,1443856384,204799,0,0,2,9,0,143.26903553299493,40219955,80439910,68.8484375,7295,14590.517766497462,179811376,15.969982690667946,14590.517766497462,6.37696335078534,0.6346020698547363
352,64,4,2000,0,0,0,0,164,1048576,1048576,171966464,0,0,0,0,0,0,0,0,306,262144,4194304,129236992,306,2470,36744,3166468,306,2470,36744,3166468,308,3,6,1617,1456001024,28671,0,0,5,9,1,103.11111111111111,40814242,163256968,69.4275390625,2586,10347.934640522875,204563590,19.115642808847674,10347.934640522875,5.25,0.636354923248291
353,64,2,2000,0,0,0,0,153,1048576,1048576,160432128,0,0,0,0,0,0,0,0,238,262144,4194304,119799808,237,2129,37934,2416083,237,2129,37934,2416083,235,3,6,914,1463549952,1515519,0,0,3,5,1,122.89075630252101,49584309,99168618,69.78750000000001,5097,10194.443037974683,187244949,21.328776977996213,10194.443037974683,3.8893617021276596,0.636589527130127
354,32,16,2000,0,0,0,0,178,1048576,1048576,186646528,0,0,0,0,0,0,0,0,289,131072,2097152,122159104,289,1360,89688,9438163,289,1360,89688,9438163,304,3,20,4704,1488977920,942079,0,0,8,2,1,103.19723183391004,12943101,207089616,71.0,2041,32658.003460207612,194543584,20.45162652641529,32658.003460207612,15.473684210526315,0.6375465393066406
355,256,1,2000,0,0,0,0,183,1048576,1048576,191889408,0,0,0,0,0,0,0,0,145,131072,2097152,118489088,145,6933,63214,3756647,145,6933,63214,3756647,131,2,18,974,1518977024,872447,0,0,2,3,0,199.50344827586207,31541182,31541182,72.43046875,25907,25907.910344827586,185145303,17.46603466256519,25907.910344827586,7.435114503816794,0.6305418014526367
356,1,1,2000,0,0,0,0,45,1048576,1048576,47185920,0,0,0,0,0,0,0,0,1100,16384,2097152,82837504,1100,382,25988,1645560,1100,382,25988,1645560,1100,1,5,3141,1478025216,24575,0,0,3,0,1,18.385454545454547,50340008,50340008,70.477734375,1495,1495.9636363636364,129222868,28.49518062456929,1495.9636363636364,2.8554545454545455,0.6301445960998535
357,64,32,2000,0,0,0,0,149,1048576,1048576,156237824,0,0,0,0,0,0,0,0,368,16384,1048576,112721920,368,479,137361,16549572,368,479,137361,16549572,399,1,34,6708,1471852544,28671,0,0,3,3,0,74.78260869565217,6811168,217957376,70.1833984375,1405,44971.663043478264,177966523,35.769937297187674,44971.663043478264,16.81203007518797,0.6372823715209961
358,256,1,2000,0,0,0,0,208,1048576,1048576,218103808,0,0,0,0,0,0,0,0,139,262144,2097152,117870592,139,8672,140886,7495504,139,8672,140886,7495504,108,2,34,1138,1509724160,28671,0,0,2,3,0,207.02877697841726,15725505,15725505,71.9892578125,53924,53924.489208633095,186946426,24.719336919196785,53924.489208633095,10.537037037037036,0.6346611976623535
359,16,8,2000,0,0,0,0,145,1048576,1048576,152043520,0,0,0,0,0,0,0,0,349,65536,2097152,115867648,350,1080,63619,5371933,349,1080,63619,5364461,356,2,13,3328,1510092800,28671,0,0,9,7,1,81.05444126074498,21569079,172552632,72.0068359375,1921,15370.948424068767,184536175,20.255940238827826,15348.38,9.348314606741573,0.6348872184753418
360,4,64,2000,0,0,0,0,93,1048576,1048576,97517568,0,0,0,0,0,0,0,0,1738,16384,2097152,130875392,1738,2049,155289,36951245,1736,2049,155289,36936020,1792,9,73,111798,1458761728,602111,0,0,5,5,1,18.3843498273878,3541839,226677696,69.55917968749999,332,21276.50921658986,199811189,18.536810027291605,21260.785385500574,62.387276785714285,0.641925573348999
361,128,64,2000,0,0,0,0,80,1048576,1048576,83886080,0,0,0,0,0,0,0,0,284,16384,2097152,120602624,284,13739,294767,35152236,284,13739,294767,35152236,280,37,69,17702,1396273152,68284415,0,0,5,9,0,103.67605633802818,3430866,219575424,66.5794921875,1933,123775.47887323944,192185902,18.88390648783968,123775.47887323944,63.22142857142857,0.636620044708252
362,128,4,2000,0,0,0,0,299,1048576,1048576,313524224,0,0,0,0,0,0,0,0,150,524288,1048576,112197632,150,7170,310364,27238210,150,7170,310364,27238210,91,2,65,2158,1495101440,1101823,0,0,5,7,1,182.61333333333334,4119126,16476504,71.2919921875,45397,181588.06666666668,182151745,41.93192234475284,181588.06666666668,23.714285714285715,0.6248321533203125
363,4,2,2000,0,0,0,0,90,1048576,1048576,94371840,0,0,0,0,0,0,0,0,1118,12288,1048576,104640512,1119,321,34599,2493989,1118,321,34599,2493499,1115,2,7,4094,1464385536,1941503,0,0,4,0,1,22.85062611806798,41957086,83914172,69.82734375,1115,2230.321109123435,160616649,26.56399389337313,2228.7658623771226,3.6717488789237667,0.6305384635925293
364,128,64,2000,0,0,0,0,175,1048576,1048576,183500800,0,0,0,0,0,0,0,0,240,16384,1048576,116916224,240,341,508754,28226911,240,341,508754,28226911,300,2,66,12059,1466642432,28671,0,0,6,8,0,118.93333333333334,4142012,265088768,69.9349609375,1837,117612.12916666667,186783175,24.601324004604418,117612.12916666667,40.196666666666665,0.6395905017852783
365,128,2,2000,0,0,0,0,163,1048576,1048576,170917888,0,0,0,0,0,0,0,0,180,524288,1048576,113246208,181,5951,694368,26389269,181,5951,694368,26389269,117,3,67,2634,1477922816,28671,0,0,2,4,1,153.6,4291373,8582746,70.47285156250001,72898,145797.06629834254,174376223,42.16262683919537,145797.06629834254,22.512820512820515,0.6398899555206299
366,128,128,2000,0,0,0,0,120,1048576,1048576,125829120,0,0,0,0,0,0,0,0,182,524288,1048576,113770496,182,5720,486930,36690662,182,5720,486930,36690662,307,3,131,26913,1483735040,25518079,0,0,9,8,1,152.6153846153846,3100802,396902656,70.75,1574,201597.04395604396,186194815,15.068225408450441,201597.04395604396,87.66449511400651,0.6344871520996094
367,256,16,2000,0,0,0,0,212,1048576,1048576,222298112,0,0,0,0,0,0,0,0,157,524288,1048576,111673344,157,65172,539738,78907725,157,65172,539738,78907725,45,13,129,3335,1520119808,1101823,0,0,7,2,0,173.656050955414,1415239,22643824,72.48496093749999,31412,502596.974522293,179358823,39.052300709240455,502596.974522293,74.11111111111111,0.6190183162689209
368,512,128,2000,0,0,0,0,43,1048576,1048576,45088768,0,0,0,0,0,0,0,0,73,1048576,2097152,115343360,73,100608,518033,15525537,73,100608,518033,15525537,185,17,133,15314,1448083456,88506367,0,0,9,8,0,385.75342465753425,7429267,950946176,69.05,1661,212678.5890410959,196279153,6.660350212910498,212678.5890410959,82.77837837837838,0.6347322463989258
369,2,16,2000,0,0,0,0,24,1048576,1048576,25165824,0,0,0,0,0,0,0,0,62,2080768,2097152,130007040,62,602358,1233132,54330482,62,602358,1233132,54330482,13,129,129,1677,1322270720,186228735,0,0,0,0,1,511.93548387096774,2392893,38286288,63.05078125,54768,876298.0967741936,181692862,13.269266765336578,876298.0967741936,129.0,0.637265682220459
370,256,2,2000,0,0,0,0,62,1048576,1048576,65011712,0,0,0,0,0,0,0,0,58,65536,2097152,116457472,58,1255635,1966612,83818668,58,1255635,1966612,83818668,0,0,0,0,1240399872,293535743,0,0,4,6,1,490.2068965517241,1389397,2778794,59.146875,722574,1445149.448275862,200663544,0,1445149.448275862,0,0.6203868389129639
371,64,16,2000,0,0,0,0,425,1048576,1048576,445644800,0,0,0,0,0,0,0,0,246,249856,2097152,114020352,246,2684,1560921,20410331,246,2684,1560921,20410331,255,3,18,4215,1548959744,16383,0,0,7,9,1,113.15853658536585,5586403,89382448,73.86015625,5185,82968.82520325204,180619065,44.35782261684282,82968.82520325204,16.529411764705884,0.604771614074707
372,32,4,2000,0,0,0,0,172,1048576,1048576,180355072,0,0,0,0,0,0,0,0,449,131072,524288,120782848,449,1673,45761,5276959,449,1673,45761,5276959,436,5,18,3044,1576157184,24575,0,0,5,0,1,65.67483296213808,22888722,91554888,75.15703124999999,2938,11752.692650334076,186509748,25.631867133373216,11752.692650334076,6.981651376146789,0.6374111175537109
373,32,64,2000,0,0,0,0,167,1048576,1048576,175112192,0,0,0,0,0,0,0,0,463,131072,524288,119668736,463,1907,113623,33763331,463,1907,113623,33763331,522,5,69,28545,1595273216,1126399,0,0,5,3,1,63.101511879049674,3544340,226837760,76.0685546875,1139,72922.96112311014,186840999,21.133186524821877,72922.96112311014,54.68390804597701,0.6402022838592529
374,32,16,2000,0,0,0,0,146,1048576,1048576,153092096,0,0,0,0,0,0,0,0,416,131072,524288,117440512,416,12096,139133,22360610,416,12096,139133,22360610,368,13,67,9957,1603555328,28671,0,0,8,1,1,68.92307692307692,5252115,84033840,76.4634765625,3359,53751.466346153844,185765665,28.82338419041163,53751.466346153844,27.057065217391305,0.6373980045318604
375,16,256,2000,0,0,0,0,112,1048576,1048576,117440512,0,0,0,0,0,0,0,0,546,65536,524288,114819072,546,13735,354574,101939868,546,13735,354574,101939868,786,17,260,152509,1579429888,28577791,0,0,7,1,1,51.34065934065934,1126341,288343296,75.3130859375,729,186703.05494505496,178804902,18.742048397637795,186703.05494505496,194.03180661577608,0.6377489566802979
376,2,128,2000,0,0,0,0,93,1048576,1048576,97517568,0,0,0,0,0,0,0,0,950,16384,524288,116850688,950,11084,337447,140890616,950,11084,337447,140890616,823,111,261,115172,1532178432,401407,0,0,0,7,1,30.029473684210526,829371,106159488,73.0599609375,1158,148305.91157894736,183273638,35.29097595726464,148305.91157894736,139.94167679222357,0.6295430660247803
377,32,4,2000,0,0,0,0,173,1048576,1048576,181403648,0,0,0,0,0,0,0,0,682,16384,2097152,128200704,682,1486,126559,27078802,682,1486,126559,27078802,558,3,135,30670,1517539328,28671,0,0,6,5,0,45.89296187683284,4734356,18937424,72.3619140625,9926,39704.98826979472,202216198,15.740532034944296,39704.98826979472,54.96415770609319,0.6395559310913086
378,128,8,2000,0,0,0,0,185,1048576,1048576,193986560,0,0,0,0,0,0,0,0,215,131072,2097152,121634816,215,1915,52010,5573530,215,1915,52010,5573530,219,5,10,1782,1525084160,28671,0,0,9,5,0,138.12093023255815,21823658,174589264,72.7216796875,3240,25923.39534883721,197189069,23.065814960851327,25923.39534883721,8.136986301369863,0.6369452476501465
379,8,1,2000,0,0,0,0,103,1048576,1048576,108003328,0,0,0,0,0,0,0,0,370,32768,2097152,112197632,370,536,56621,2559020,370,536,56621,2559020,363,2,10,1180,1496186880,417791,0,0,2,1,1,74.03243243243243,43843984,43843984,71.34375,6916,6916.27027027027,170127219,28.739192068945034,6916.27027027027,3.2506887052341598,0.6331286430358887
380,4,16,2000,0,0,0,0,69,1048576,1048576,72351744,0,0,0,0,0,0,0,0,508,16384,2097152,120324096,509,527,75723,9616432,509,527,75723,9616432,524,2,22,8280,1429262336,4095,0,0,7,9,1,57.826771653543304,12512343,200197488,68.1525390625,1180,18892.793713163064,189844516,20.67607912903326,18892.793713163064,15.801526717557252,0.6393423080444336
381,16,128,2000,0,0,0,0,117,1048576,1048576,122683392,0,0,0,0,0,0,0,0,407,16384,1310720,119177216,407,521,478062,57479806,407,521,478062,57479806,520,5,133,45510,1390772224,1028095,0,0,0,7,0,71.48894348894349,2073375,265392000,66.3171875,1103,141228.02457002457,185608315,22.572440336015244,141228.02457002457,87.51923076923077,0.6331570148468018
382,32,32,2000,0,0,0,0,136,1048576,1048576,142606336,0,0,0,0,0,0,0,0,330,131072,2097152,121634816,330,47127,308474,58435840,330,47127,308474,58435840,234,24,131,12122,1373818880,28671,0,0,3,6,1,89.98787878787878,2081510,66608320,65.5087890625,5533,177078.30303030304,192844363,37.98594319817489,177078.30303030304,51.8034188034188,0.6364748477935791
383,128,16,2000,0,0,0,0,160,1048576,1048576,167772160,0,0,0,0,0,0,0,0,246,131072,1572864,119275520,246,27715,82503,13860669,246,27715,82503,13860669,231,17,35,5428,1384120320,688127,0,0,7,5,0,118.3739837398374,8605322,137685152,66.0,3521,56344.18292682927,191814515,20.256525857731987,56344.18292682927,23.4978354978355,0.6337568759918213
384,256,128,2000,0,0,0,0,58,1048576,1048576,60817408,0,0,0,0,0,0,0,0,135,524288,1048576,120717312,135,51121,518903,27732044,135,51121,518903,27732044,246,17,131,21152,1318453248,83410943,0,0,9,2,0,218.3111111111111,4352990,557182720,62.86875,1604,205422.54814814814,195607996,10.943492418147907,205422.54814814814,85.98373983739837,0.6409304141998291
385,16,4,2000,0,0,0,0,43,1048576,1048576,45088768,0,0,0,0,0,0,0,0,110,1048576,1048576,115343360,110,582015,762214,79698533,110,582015,762214,79698533,15,129,129,1935,1227227136,214720511,0,0,4,0,1,256.0,1447245,5788980,58.51875,181133,724532.1181818182,180591123,21.939562687191685,724532.1181818182,129.0,0.6173605918884277
386,512,8,2000,0,0,0,0,505,1048576,1048576,529530880,0,0,0,0,0,0,0,0,75,1015808,2097152,134184960,75,32050,1419682,21594166,75,32050,1419682,21594166,62,9,11,588,1471262720,28671,0,0,9,8,0,436.8,6213945,49711560,70.1552734375,35990,287922.2133333333,234127604,69.50353695812879,287922.2133333333,9.483870967741936,0.623988151550293
387,8,4,2000,0,0,0,0,132,1048576,1048576,138412032,0,0,0,0,0,0,0,0,830,32768,2097152,122552320,830,585,113427,4456477,830,585,113427,4456477,826,4,10,4607,1453461504,139263,0,0,5,6,1,36.04819277108434,27499821,109999284,69.3064453125,1342,5369.249397590362,168881655,26.704958987660028,5369.249397590362,5.5774818401937045,0.634695291519165
388,4,2,2000,0,0,0,0,79,1048576,1048576,82837504,0,0,0,0,0,0,0,0,1186,16384,524288,119930880,1186,340,14825,2374373,1186,340,14825,2374373,1184,2,7,4503,1397198848,20479,0,0,3,3,1,24.688026981450253,50510547,101021094,66.6236328125,1001,2002.0008431703204,187669607,21.32198473634456,2002.0008431703204,3.8032094594594597,0.6367359161376953
389,8,128,2000,0,0,0,0,116,1048576,1048576,121634816,0,0,0,0,0,0,0,0,1245,32768,524288,123338752,1245,542,90703,68228517,1245,542,90703,68228517,1372,3,134,145430,1359687680,28671,0,0,1,1,1,24.186345381526106,1807730,231389440,64.8349609375,428,54802.021686746986,193683964,21.375999820934844,54802.021686746986,105.99854227405248,0.635749340057373
390,8,4,2000,0,0,0,0,123,1048576,1048576,128974848,0,0,0,0,0,0,0,0,1241,32768,1703936,120389632,1229,555,93359,23484405,1229,555,93359,23484405,1124,4,133,30516,1334620160,28671,0,0,5,9,1,23.68412570507655,5126365,20505460,63.63964843749999,4777,19108.547599674534,189049704,29.717277932543837,19108.547599674534,27.14946619217082,0.6388564109802246
391,4,1,2000,0,0,0,0,64,1048576,1048576,67108864,0,0,0,0,0,0,0,0,718,16384,2097152,104005632,718,379,37957,1954974,718,379,37957,1954974,716,1,7,2257,1283395584,12287,0,0,2,7,1,35.36490250696379,53200519,53200519,61.1970703125,2722,2722.8050139275765,163124866,24.424492002616518,2722.8050139275765,3.1522346368715084,0.636385440826416
392,64,4,2000,0,0,0,0,153,1048576,1048576,160432128,0,0,0,0,0,0,0,0,378,16384,2097152,114016256,378,322,39530,3076082,378,322,39530,3076082,380,2,7,1573,1289351168,28671,0,0,5,9,0,73.64021164021165,37065415,148261660,61.481054687500006,2034,8137.783068783069,180689004,26.695985303805134,8137.783068783069,4.139473684210526,0.637751579284668
393,4,8,2000,0,0,0,0,80,1048576,1048576,83886080,0,0,0,0,0,0,0,0,831,16384,2097152,114720768,832,350,45311,5717023,831,350,45311,5714831,834,2,13,7836,1246121984,4095,0,0,0,9,1,33.70397111913358,20066522,160532176,59.419726562499996,859,6877.052948255115,178150198,21.698872225507625,6871.421875,9.39568345323741,0.6354897022247314
394,16,32,2000,0,0,0,0,117,1048576,1048576,122683392,0,0,0,0,0,0,0,0,575,16384,2097152,123359232,575,473,100760,19279560,575,473,100760,19279560,599,9,38,17077,1220198400,24575,0,0,4,2,0,52.377391304347825,6398446,204750272,58.18359374999999,1047,33529.669565217395,195022766,22.454358551511497,33529.669565217395,28.509181969949918,0.6369378566741943
395,64,32,2000,0,0,0,0,151,1048576,1048576,158334976,0,0,0,0,0,0,0,0,320,65536,2097152,126812160,320,7097,148421,21526359,320,7097,148421,21526359,318,29,37,10663,1235161088,28671,0,0,3,1,0,96.75,5891017,188512544,58.8970703125,2102,67269.871875,200088721,20.73563490574885,67269.871875,33.5314465408805,0.6354324817657471
396,32,32,2000,0,0,0,0,141,1048576,1048576,147849216,0,0,0,0,0,0,0,0,322,131072,2097152,122683392,323,17346,117894,22969744,323,17346,117894,22969744,323,20,35,10704,1244229632,28671,0,0,4,1,1,93.01863354037268,5341086,170914752,59.3294921875,2222,71113.75851393188,192317821,23.069601846262437,71113.75851393188,33.139318885448915,0.6396627426147461
397,256,128,2000,0,0,0,0,63,1048576,1048576,66060288,0,0,0,0,0,0,0,0,169,98304,2097152,120827904,169,35367,512482,26668883,169,35367,512482,26668883,266,31,131,22451,1180696576,128958463,0,0,9,4,0,174.55029585798817,4530669,579925632,56.3,1232,157804.04142011833,198603983,10.71133196001814,157804.04142011833,84.40225563909775,0.6331117153167725
398,2,8,2000,0,0,0,0,70,1048576,1048576,73400320,0,0,0,0,0,0,0,0,94,1048576,2097152,114294784,94,588289,850274,73362717,94,588289,850274,73362717,15,129,130,1939,1161822208,46088191,0,0,0,6,1,296.8510638297872,1557940,12463520,55.400000000000006,97556,780454.4361702128,175458421,20.33866269484767,780454.4361702128,129.26666666666668,0.6147334575653076
399,4,16,2000,0,0,0,0,90,1048576,1048576,94371840,0,0,0,0,0,0,0,0,1816,16384,2097152,120127488,1816,388,1567403,41399119,1816,388,1567403,41399119,1798,2,22,31274,1118982144,57343,0,0,7,7,1,16.14977973568282,2901691,46427056,53.3572265625,1424,22796.871696035243,191168619,81.15492992816323,22796.871696035243,17.39377085650723,0.6308071613311768
400,128,4,2000,0,0,0,0,198,1048576,1048576,207618048,0,0,0,0,0,0,0,0,524,16384,2097152,121241600,524,493,62253,5248558,524,493,62253,5248558,512,5,20,7145,1161822208,745471,0,0,5,0,0,56.48854961832061,23099982,92399928,55.400000000000006,2504,10016.332061068702,192856455,12.706209672233465,10016.332061068702,13.955078125,0.6322600841522217
401,2,4,2000,0,0,0,0,72,1048576,1048576,75497472,0,0,0,0,0,0,0,0,1676,16384,2097152,113541120,1676,331,41457,3585465,1676,331,41457,3585465,1674,2,9,9616,1124839424,32767,0,0,6,9,1,16.539379474940333,31667055,126668220,53.6365234375,534,2139.29892601432,175504951,22.517141682153124,2139.29892601432,5.744324970131422,0.6426639556884766
402,128,64,2000,0,0,0,0,194,1048576,1048576,203423744,0,0,0,0,0,0,0,0,424,16384,2097152,119177216,424,409,484409,27316382,424,409,484409,27316382,484,3,69,12790,1155092480,28671,0,0,5,9,0,68.62264150943396,4362847,279222208,55.0791015625,1006,64425.42924528302,188895385,35.527504776187236,64425.42924528302,26.425619834710744,0.636204719543457
403,4,256,2000,0,0,0,0,137,1048576,1048576,143654912,0,0,0,0,0,0,0,0,2149,16384,1048576,138395648,2149,11096,433412,149246904,2149,11096,433412,149246904,2344,63,267,567165,1151668224,12287,0,0,0,5,1,15.72266170311773,927293,237387008,54.915820312499996,271,69449.46672871104,214917686,18.255386414576655,69449.46672871104,241.964590443686,0.6374080181121826
404,512,32,2000,0,0,0,0,105,1048576,1048576,110100480,0,0,0,0,0,0,0,0,676,16384,2097152,120504320,676,37411,348209,55472758,676,37411,348209,55472758,451,28,261,101150,1119092736,93265919,0,0,3,7,0,43.5207100591716,2172315,69514080,53.362500000000004,2564,82060.29289940829,191829041,8.407129653444935,82060.29289940829,224.27937915742794,0.6309738159179688
405,128,8,2000,0,0,0,0,353,1048576,1048576,370147328,0,0,0,0,0,0,0,0,103,524288,2097152,123539456,103,23793,1065820,19244226,103,23793,1065820,19244226,80,9,34,987,1263951872,30822399,0,0,0,9,1,292.8252427184466,6419559,51356472,60.269921875,23354,186837.14563106795,195575580,51.7163119223692,186837.14563106795,12.3375,0.628936767578125
406,1024,2,2000,0,0,0,0,237,1048576,1048576,248512512,0,0,0,0,0,0,0,0,67,524288,4194304,119013376,67,23885,108922,2940318,67,23885,108922,2940318,62,3,11,459,1379332096,610303,0,0,3,7,0,433.67164179104475,40476362,80952724,65.7716796875,21942,43885.34328358209,194852721,13.669023170942388,43885.34328358209,7.403225806451613,0.6381349563598633
407,32,4,2000,0,0,0,0,217,1048576,1048576,227540992,0,0,0,0,0,0,0,0,520,98304,4194304,122683392,520,1591,90145,3317978,520,1591,90145,3317978,520,3,7,2828,1443954688,8191,0,0,6,3,1,57.6,36975348,147901392,68.853125,1595,6380.726923076923,187240596,20.369089364293572,6380.726923076923,5.438461538461539,0.6343176364898682
408,8,256,2000,0,0,0,0,76,1048576,1048576,79691776,0,0,0,0,0,0,0,0,573,32768,4194304,118718464,573,1868,507811,71858883,573,1868,507811,71858883,825,5,263,144385,1397846016,68947967,0,0,7,5,1,50.582897033158815,1652105,422938880,66.6544921875,489,125408.1727748691,185647075,14.166220990116827,125408.1727748691,175.0121212121212,0.639671802520752
409,2,8,2000,0,0,0,0,96,1048576,1048576,100663296,0,0,0,0,0,0,0,0,741,8192,4194304,119013376,741,334,696360,131440489,741,334,696360,131440489,493,2,261,17797,1354133504,4095,0,0,9,9,1,39.21187584345479,905454,7243632,64.5701171875,22172,177382.5762483131,187832575,125.31222987739666,177382.5762483131,36.099391480730226,0.6335885524749756
410,128,1,2000,0,0,0,0,141,1048576,1048576,147849216,0,0,0,0,0,0,0,0,150,16384,4194304,109576192,150,3402,82619,2756055,150,3402,82619,2756055,143,2,11,523,1356173312,577535,0,0,2,1,0,178.34666666666666,39758347,39758347,64.6673828125,18373,18373.7,172579008,28.168646063952902,18373.7,3.6573426573426575,0.6350233554840088
411,512,8,2000,0,0,0,0,192,1048576,1048576,201326592,0,0,0,0,0,0,0,0,72,524288,4194304,121634816,72,3361,199272,4941687,72,3361,199272,4941687,80,2,10,506,1393102848,4509695,0,0,0,9,0,412.44444444444446,24614026,196912208,66.4283203125,8579,68634.54166666667,188276458,26.30975172924901,68634.54166666667,6.325,0.6382837295532227
412,2,4,2000,0,0,0,0,52,1048576,1048576,54525952,0,0,0,0,0,0,0,0,839,8192,4194304,116391936,839,279,161406,4121090,839,279,161406,4121090,834,2,10,4354,1338576896,43905023,0,0,5,7,1,33.8688915375447,28242997,112971988,63.8283203125,1227,4911.907032181168,184766267,27.779650721144886,4911.907032181168,5.220623501199041,0.6336956024169922
413,256,4,2000,0,0,0,0,0,0,0,0,0,0,0,0,0,0,0,0,155,16384,4194304,120045568,153,351,69449,3140091,152,351,69449,3114038,156,2,5,768,1202262016,225529855,0,0,4,5,0,189.08387096774194,38229964,152919856,57.328320312500004,5121,20487.092105263157,194914547,22.047517548159906,20523.470588235294,4.923076923076923,0.6282234191894531
414,4,1,2000,0,0,0,0,0,0,0,0,0,0,0,0,0,0,0,0,406,16384,4194304,92258304,406,481,79734,1601944,406,481,79734,1601944,403,1,5,828,1095831552,365752319,0,0,1,9,1,55.477832512315274,57591466,57591466,52.253320312499994,3945,3945.6748768472908,143368964,34.615971198086505,3945.6748768472908,2.054590570719603,0.6234793663024902
415,2,2,2000,0,0,0,0,0,0,0,0,0,0,0,0,0,0,0,0,1047,8192,4194304,85409792,1047,289,55697,1625413,1047,289,55697,1625413,1048,2,4,2906,996667392,501272575,0,0,3,9,1,19.915950334288443,52546517,105093034,47.5248046875,776,1552.447946513849,133965842,28.1113488975956,1552.447946513849,2.7729007633587788,0.6376795768737793
416,2,128,2000,0,0,0,0,0,0,0,0,0,0,0,0,0,0,0,0,1407,8192,4194304,114294784,1407,659,173333,62979109,1407,659,173333,62979109,1534,3,130,161974,874057728,668897279,0,0,9,9,1,19.83226723525231,1814804,232294912,41.6783203125,349,44761.27149964464,181572262,21.37519577617891,44761.27149964464,105.58930899608866,0.6321513652801514
417,32,64,2000,0,0,0,0,0,0,0,0,0,0,0,0,0,0,0,0,441,8192,4194304,119013376,441,24603,196962,54117151,441,24603,196962,54117151,376,29,129,27698,741412864,856494079,0,0,5,7,0,65.88662131519274,2199180,140747520,35.353320312499996,1917,122714.62811791383,190100732,25.283577952399114,122714.62811791383,73.66489361702128,0.6293065547943115
418,1024,16,2000,0,0,0,0,0,0,0,0,0,0,0,0,0,0,0,0,120,131072,4194304,105512960,120,37291,321398,22182220,120,37291,321398,22182220,72,8,65,3169,626462720,1019662335,0,0,7,5,0,214.66666666666666,4756645,76106320,29.8720703125,11553,184851.83333333334,176883522,19.564529437936223,184851.83333333334,44.013888888888886,0.6236789226531982
419,4,4,2000,0,0,0,0,0,0,0,0,0,0,0,0,0,0,0,0,66,16384,4194304,118558720,66,665,462134,10070194,66,665,462134,10070194,54,2,17,315,494927872,1203912703,0,0,5,0,1,438.56060606060606,11773230,47092920,23.599999999999998,38144,152578.69696969696,191397674,59.641353305530195,152578.69696969696,5.833333333333333,0.6342058181762695
420,8,32,2000,0,0,0,0,0,0,0,0,0,0,0,0,0,0,0,0,473,16384,4194304,113311744,473,347,218432,18147990,473,347,218432,18147990,479,3,34,11593,370868224,1363312639,0,0,0,4,0,58.48625792811839,6243762,199800384,17.684375,1198,38367.84355179704,165723534,27.105238493772074,38367.84355179704,24.20250521920668,0.6295425891876221
421,2,32,2000,0,0,0,0,0,0,0,0,0,0,0,0,0,0,0,0,735,8192,4194304,117964800,735,559,148756,22164396,735,559,148756,22164396,735,3,34,20432,244318208,1531396095,0,0,3,4,1,39.183673469387756,5322265,170312480,11.65,942,30155.64081632653,186910306,27.684703222885666,30155.64081632653,27.798639455782315,0.6337065696716309
422,16,2,2000,0,0,0,0,0,0,0,0,0,0,0,0,0,0,0,0,543,8192,4194304,93618176,543,674,73634,6446150,543,674,73634,6446150,513,2,34,6888,140509184,1677328383,0,0,3,2,0,42.09208103130755,14523114,29046228,6.7,5935,11871.362799263352,149757828,21.00508321909998,11871.362799263352,13.426900584795321,0.6253690719604492
423,128,256,2000,0,0,0,0,0,0,0,0,0,0,0,0,0,0,0,0,173,65536,4194304,93847552,173,732,484882,20079561,173,732,484882,20079561,202,2,105,6536,37224448,1829887999,0,0,2,0,0,132.43930635838151,4673785,1196488960,1.775,453,116066.82658959538,148572389,27.08510595646031,116066.82658959538,32.35643564356435,0.6354832649230957
424,128,16,2000,0,0,0,0,0,0,0,0,0,0,0,0,0,0,0,0,15,524288,4194304,24641536,15,576251,721925,9605721,15,576251,721925,9605721,0,0,0,0,0,1887485951,0,0,0,0,1,401.06666666666666,2565297,41044752,0.0,40023,640381.4,38008719,0,640381.4,0,0.6197681427001953
425,64,4,2000,0,0,0,0,0,0,0,0,0,0,0,0,0,0,0,0,0,0,0,0,0,0,0,0,0,0,0,0,0,0,0,0,0,1887485951,0,0,0,0,1,0.0,0,0,0.0,0,0,0,0,0,0,0.6043095588684082
426,512,16,2000,0,0,0,0,0,0,0,0,0,0,0,0,0,0,0,0,0,0,0,0,0,0,0,0,0,0,0,0,0,0,0,0,0,1887485951,0,0,0,0,1,0.0,0,0,0.0,0,0,0,0,0,0,0.6176345348358154
427,64,16,2000,0,0,0,0,0,0,0,0,0,0,0,0,0,0,0,0,0,0,0,0,0,0,0,0,0,0,0,0,0,0,0,0,0,1887485951,0,0,0,0,1,0.0,0,0,0.0,0,0,0,0,0,0,0.6018426418304443
428,8,16,2000,0,0,0,0,0,0,0,0,0,0,0,0,0,0,0,0,0,0,0,0,0,0,0,0,0,0,0,0,0,0,0,0,0,1887485951,0,0,0,0,1,0.0,0,0,0.0,0,0,0,0,0,0,0.610443115234375
429,32,256,2000,0,0,0,0,0,0,0,0,0,0,0,0,0,0,0,0,0,0,0,0,0,0,0,0,0,0,0,0,0,0,0,0,0,1887485951,0,0,0,0,1,0.0,0,0,0.0,0,0,0,0,0,0,0.600963830947876
430,32,32,2000,0,0,0,0,0,0,0,0,0,0,0,0,0,0,0,0,0,0,0,0,0,0,0,0,0,0,0,0,0,0,0,0,0,1887485951,0,0,0,0,1,0.0,0,0,0.0,0,0,0,0,0,0,0.6054379940032959
431,1,16,2000,0,0,0,0,0,0,0,0,0,0,0,0,0,0,0,0,0,0,0,0,0,0,0,0,0,0,0,0,0,0,0,0,0,1887485951,0,0,0,0,1,0.0,0,0,0.0,0,0,0,0,0,0,0.6003718376159668
432,16,128,2000,0,0,0,0,0,0,0,0,0,0,0,0,0,0,0,0,0,0,0,0,0,0,0,0,0,0,0,0,0,0,0,0,0,1887485951,0,0,0,0,1,0.0,0,0,0.0,0,0,0,0,0,0,0.6135270595550537
433,8,4,2000,0,0,0,0,0,0,0,0,0,0,0,0,0,0,0,0,0,0,0,0,0,0,0,0,0,0,0,0,0,0,0,0,0,1887485951,0,0,0,0,1,0.0,0,0,0.0,0,0,0,0,0,0,0.6222174167633057
434,4,16,2000,0,0,0,0,0,0,0,0,0,0,0,0,0,0,0,0,0,0,0,0,0,0,0,0,0,0,0,0,0,0,0,0,0,1887485951,0,0,0,0,1,0.0,0,0,0.0,0,0,0,0,0,0,0.605445146560669
435,32,8,2000,0,0,0,0,0,0,0,0,0,0,0,0,0,0,0,0,0,0,0,0,0,0,0,0,0,0,0,0,0,0,0,0,0,1887485951,0,0,0,0,1,0.0,0,0,0.0,0,0,0,0,0,0,0.6043448448181152
